Data,Otwarcie,Najwyzszy,Najnizszy,Zamkniecie,Wolumen
1999-04-06,1102.01,1102.01,1053.71,1077.85,515937
1999-04-07,1085.92,1093.96,1077.85,1093.96,257470
1999-04-08,1093.96,1134.14,1093.96,1134.14,548382
1999-04-09,1214.57,1214.57,1166.33,1182.44,1311598
1999-04-12,1190.5,1198.48,1166.33,1190.5,383657
1999-04-13,1206.53,1254.83,1206.53,1246.78,815057
1999-04-14,1270.93,1286.96,1246.78,1286.96,908670
1999-04-15,1286.96,1286.96,1254.83,1278.89,409391
1999-04-16,1278.89,1295,1262.88,1270.93,468820
1999-04-19,1286.96,1303.06,1262.88,1278.89,388879
1999-04-20,1286.96,1286.96,1246.78,1246.78,528867
1999-04-21,1238.74,1238.74,1166.33,1182.44,483114
1999-04-22,1174.4,1182.44,1126.08,1158.27,220174
1999-04-23,1158.27,1206.53,1142.19,1206.53,205009
1999-04-26,1214.57,1222.62,1190.5,1190.5,257594
1999-04-27,1206.53,1238.74,1198.48,1198.48,335172
1999-04-28,1222.62,1238.74,1206.53,1214.57,260828
1999-04-30,1214.57,1222.62,1174.4,1182.44,269032
1999-05-06,1206.53,1230.68,1190.5,1230.68,203016
1999-05-07,1270.93,1335.26,1254.83,1319.15,1100624
1999-05-10,1399.6,1471.98,1383.49,1447.81,1666039
1999-05-11,1447.81,1447.81,1383.49,1383.49,901336
1999-05-12,1383.49,1391.53,1351.38,1367.38,353946
1999-05-13,1359.34,1367.38,1335.26,1351.38,194688
1999-05-14,1351.38,1359.34,1327.21,1327.21,281964
1999-05-17,1286.96,1303.06,1262.88,1270.93,287929
1999-05-18,1270.93,1311.11,1254.83,1311.11,287060
1999-05-19,1303.06,1303.06,1254.83,1254.83,168581
1999-05-20,1254.83,1270.93,1214.57,1230.68,225644
1999-05-21,1246.78,1254.83,1206.53,1222.62,147196
1999-05-24,1222.62,1238.74,1214.57,1214.57,101449
1999-05-25,1214.57,1222.62,1206.53,1206.53,142971
1999-05-26,1206.53,1238.74,1206.53,1238.74,127304
1999-05-27,1246.78,1246.78,1206.53,1222.62,161122
1999-05-28,1206.53,1206.53,1182.44,1190.5,136259
1999-05-31,1190.5,1222.62,1158.27,1222.62,183376
1999-06-01,1166.33,1198.48,1150.24,1198.48,192449
1999-06-02,1206.53,1206.53,1182.44,1198.48,208363
1999-06-03,1206.53,1206.53,1158.27,1166.33,145705
1999-06-04,1158.27,1190.5,1158.27,1174.4,106917
1999-06-07,1190.5,1230.68,1182.44,1190.5,125936
1999-06-08,1206.53,1206.53,1174.4,1182.44,80435
1999-06-09,1166.33,1198.48,1166.33,1182.44,197425
1999-06-10,1182.44,1270.93,1182.44,1262.88,364139
1999-06-11,1222.62,1295,1222.62,1262.88,667858
1999-06-14,1286.96,1303.06,1262.88,1270.93,300364
1999-06-15,1311.11,1343.3,1295,1327.21,544779
1999-06-16,1343.3,1359.34,1319.15,1335.26,410388
1999-06-17,1367.38,1383.49,1335.26,1359.34,487842
1999-06-18,1359.34,1367.38,1295,1295,323859
1999-06-21,1311.11,1327.21,1295,1327.21,166467
1999-06-22,1327.21,1351.38,1295,1327.21,136007
1999-06-23,1327.21,1327.21,1295,1311.11,164353
1999-06-24,1270.93,1286.96,1238.74,1262.88,239568
1999-06-25,1262.88,1303.06,1246.78,1262.88,158260
1999-06-28,1286.96,1303.06,1270.93,1286.96,132279
1999-06-29,1303.06,1311.11,1278.89,1278.89,241308
1999-06-30,1278.89,1278.89,1246.78,1246.78,187353
1999-07-01,1270.93,1327.21,1254.83,1254.83,216070
1999-07-02,1311.11,1319.15,1278.89,1286.96,263936
1999-07-05,1327.21,1327.21,1286.96,1286.96,199164
1999-07-06,1286.96,1303.06,1270.93,1303.06,143093
1999-07-07,1295,1295,1262.88,1262.88,124571
1999-07-08,1254.83,1286.96,1254.83,1286.96,97591
1999-07-09,1286.96,1286.96,1254.83,1278.89,142223
1999-07-12,1278.89,1278.89,1254.83,1254.83,119598
1999-07-13,1262.88,1303.06,1262.88,1270.93,240066
1999-07-14,1311.11,1319.15,1286.96,1295,225892
1999-07-15,1295,1311.11,1262.88,1278.89,172061
1999-07-16,1278.89,1278.89,1246.78,1246.78,281837
1999-07-19,1246.78,1286.96,1246.78,1286.96,181386
1999-07-21,1278.89,1286.96,1254.83,1270.93,145085
1999-07-22,1262.88,1278.89,1246.78,1262.88,114375
1999-07-23,1222.62,1230.68,1206.53,1222.62,166342
1999-07-26,1222.62,1238.74,1206.53,1222.62,121214
1999-07-27,1262.88,1286.96,1230.68,1246.78,274628
1999-07-28,1270.93,1270.93,1222.62,1222.62,142349
1999-07-29,1222.62,1246.78,1206.53,1206.53,103188
1999-07-30,1206.53,1246.78,1190.5,1246.78,155154
1999-08-02,1238.74,1246.78,1198.48,1198.48,191457
1999-08-03,1198.48,1230.68,1174.4,1206.53,137749
1999-08-04,1174.4,1198.48,1166.33,1166.33,102317
1999-08-05,1166.33,1182.44,1126.08,1150.24,127803
1999-08-06,1126.08,1134.14,1077.85,1085.92,282708
1999-08-09,1093.96,1142.19,1085.92,1126.08,92371
1999-08-10,1166.33,1166.33,1126.08,1142.19,80062
1999-08-11,1126.08,1142.19,1118.03,1126.08,96349
1999-08-12,1158.27,1222.62,1134.14,1222.62,298001
1999-08-13,1246.78,1286.96,1222.62,1246.78,381173
1999-08-16,1286.96,1295,1262.88,1262.88,314038
1999-08-17,1270.93,1311.11,1262.88,1303.06,393106
1999-08-18,1311.11,1311.11,1262.88,1262.88,239444
1999-08-19,1262.88,1278.89,1246.78,1270.93,184494
1999-08-20,1254.83,1286.96,1254.83,1278.89,164106
1999-08-23,1303.06,1399.6,1278.89,1375.44,971950
1999-08-24,1351.38,1359.34,1311.11,1311.11,162116
1999-08-25,1327.21,1327.21,1254.83,1295,137625
1999-08-26,1262.88,1286.96,1254.83,1254.83,164850
1999-08-27,1254.83,1295,1254.83,1270.93,133521
1999-08-30,1278.89,1278.89,1254.83,1254.83,70989
1999-08-31,1246.78,1262.88,1206.53,1206.53,122829
1999-09-01,1206.53,1278.89,1198.48,1278.89,204137
1999-09-02,1254.83,1262.88,1206.53,1238.74,70489
1999-09-03,1230.68,1230.68,1206.53,1222.62,94486
1999-09-06,1206.53,1270.93,1206.53,1254.83,115122
1999-09-07,1238.74,1278.89,1230.68,1262.88,115122
1999-09-08,1262.88,1270.93,1222.62,1222.62,128674
1999-09-09,1246.78,1270.93,1246.78,1246.78,116244
1999-09-10,1214.57,1359.34,1206.53,1278.89,795040
1999-09-13,1230.68,1270.93,1222.62,1254.83,129669
1999-09-14,1214.57,1254.83,1198.48,1254.83,173552
1999-09-16,1206.53,1222.62,1182.44,1222.62,173428
1999-09-17,1214.57,1238.74,1190.5,1238.74,148441
1999-09-20,1246.78,1335.26,1214.57,1311.11,322987
1999-09-21,1311.11,1343.3,1311.11,1335.26,639139
1999-09-22,1295,1367.38,1286.96,1335.26,880572
1999-09-24,1327.21,1351.38,1311.11,1351.38,519791
1999-09-27,1367.38,1367.38,1295,1295,102938
1999-09-28,1335.26,1335.26,1295,1319.15,110895
1999-09-29,1295,1311.11,1262.88,1270.93,134888
1999-09-30,1286.96,1351.38,1286.96,1351.38,145580
1999-10-01,1270.93,1335.26,1270.93,1319.15,173677
1999-10-04,1343.3,1407.66,1327.21,1375.44,463596
1999-10-05,1375.44,1375.44,1327.21,1351.38,241930
1999-10-06,1351.38,1399.6,1335.26,1383.49,459122
1999-10-07,1407.66,1504.18,1399.6,1496.12,2086994
1999-10-08,1544.37,1568.51,1504.18,1560.47,2332530
1999-10-12,1624.8,1656.99,1576.58,1648.95,1590328
1999-10-13,1624.8,1665.06,1568.51,1648.95,876967
1999-10-14,1616.74,1737.44,1608.7,1737.44,1140903
1999-10-15,1745.48,1785.66,1697.18,1721.34,1083467
1999-10-18,1600.72,1648.95,1592.67,1600.72,514319
1999-10-19,1640.89,1673.1,1616.74,1632.85,391367
1999-10-20,1665.06,1697.18,1640.89,1673.1,460488
1999-10-21,1713.28,1745.48,1665.06,1705.22,834326
1999-10-22,1705.22,1713.28,1673.1,1681.15,241185
1999-10-25,1665.06,1697.18,1648.95,1689.13,257967
1999-10-26,1689.13,1689.13,1648.95,1648.95,260828
1999-10-27,1608.7,1632.85,1568.51,1568.51,264058
1999-10-28,1600.72,1616.74,1584.61,1584.61,228132
1999-10-29,1640.89,1673.1,1616.74,1632.85,202272
1999-11-01,1616.74,1648.95,1608.7,1624.8,150182
1999-11-02,1608.7,1616.74,1600.72,1600.72,165100
1999-11-04,1608.7,1648.95,1608.7,1616.74,145956
1999-11-05,1608.7,1616.74,1560.47,1576.58,171565
1999-11-08,1568.51,1592.67,1528.26,1568.51,160497
1999-11-09,1552.41,1560.47,1488.08,1512.24,252250
1999-11-10,1488.08,1488.08,1439.77,1455.87,380301
1999-11-11,1407.66,1407.66,1286.96,1311.11,388258
1999-11-12,1270.93,1399.6,1270.93,1335.26,343379
1999-11-15,1327.21,1367.38,1166.33,1206.53,280346
1999-11-16,1085.92,1262.88,1085.92,1206.53,385151
1999-11-17,1222.62,1447.81,1222.62,1447.81,341262
1999-11-18,1431.8,1447.81,1367.38,1407.66,235341
1999-11-19,1367.38,1407.66,1286.96,1286.96,129295
1999-11-22,1278.89,1295,1230.68,1230.68,149311
1999-11-24,1214.57,1270.93,1174.4,1262.88,243797
1999-11-25,1254.83,1254.83,1166.33,1166.33,165846
1999-11-26,1206.53,1286.96,1190.5,1230.68,233600
1999-11-29,1254.83,1262.88,1206.53,1230.68,140610
1999-11-30,1278.89,1327.21,1230.68,1254.83,534335
1999-12-01,1246.78,1286.96,1222.62,1286.96,291287
1999-12-02,1286.96,1295,1238.74,1262.88,154904
1999-12-03,1230.68,1262.88,1214.57,1230.68,166342
1999-12-06,1206.53,1262.88,1190.5,1262.88,232606
1999-12-07,1230.68,1270.93,1222.62,1246.78,150055
1999-12-08,1214.57,1246.78,1190.5,1198.48,130291
1999-12-09,1206.53,1222.62,1166.33,1166.33,141353
1999-12-10,1166.33,1198.48,1126.08,1134.14,541672
1999-12-13,1166.33,1166.33,1109.99,1126.08,232606
1999-12-14,1150.24,1150.24,1109.99,1142.19,127304
1999-12-15,1118.03,1134.14,1085.92,1126.08,266175
1999-12-16,1053.71,1053.71,973.27,997.42,499028
1999-12-17,973.27,997.42,925.05,941.14,342133
1999-12-20,949.12,957.16,925.05,933.08,207245
1999-12-21,941.14,949.12,933.08,941.14,154034
1999-12-22,941.14,949.12,925.05,933.08,196553
1999-12-24,1053.71,1053.71,1005.48,1021.57,219676
1999-12-27,1005.48,1005.48,949.12,965.21,106917
1999-12-28,957.16,989.37,949.12,949.12,86030
1999-12-29,949.12,973.27,949.12,949.12,135759
1999-12-30,949.12,957.16,941.14,941.14,65518
2000-01-04,933.08,933.08,884.8,892.84,76334
2000-01-05,884.8,941.14,884.8,933.08,205133
2000-01-06,965.21,1005.48,965.21,973.27,170198
2000-01-07,981.31,1005.48,965.21,981.31,142223
2000-01-11,1029.54,1037.6,973.27,1005.48,127679
2000-01-12,989.37,1037.6,973.27,1029.54,201030
2000-01-13,1045.65,1150.24,1037.6,1150.24,318141
2000-01-14,1166.33,1166.33,1085.92,1166.33,230989
2000-01-17,1174.4,1190.5,1134.14,1174.4,194688
2000-01-18,1174.4,1182.44,1142.19,1174.4,166093
2000-01-19,1174.4,1174.4,1126.08,1158.27,138992
2000-01-20,1158.27,1174.4,1150.24,1174.4,164850
2000-01-21,1166.33,1174.4,1109.99,1158.27,151924
2000-01-24,1109.99,1126.08,1085.92,1102.01,116244
2000-01-25,1142.19,1142.19,1085.92,1102.01,159134
2000-01-26,1109.99,1126.08,1102.01,1102.01,69370
2000-01-27,1118.03,1118.03,1061.76,1093.96,107413
2000-01-28,1053.71,1118.03,1053.71,1109.99,108409
2000-01-31,1102.01,1109.99,1085.92,1109.99,125442
2000-02-01,1085.92,1102.01,1061.76,1093.96,116244
2000-02-02,1118.03,1118.03,1061.76,1061.76,206498
2000-02-03,1102.01,1142.19,1077.85,1093.96,216941
2000-02-04,1134.14,1150.24,1102.01,1102.01,214953
2000-02-07,1109.99,1150.24,1109.99,1134.14,206498
2000-02-08,1150.24,1150.24,1109.99,1150.24,228380
2000-02-09,1150.24,1166.33,1118.03,1166.33,228753
2000-02-10,1158.27,1166.33,1134.14,1142.19,176163
2000-02-14,1102.01,1126.08,1045.65,1109.99,172436
2000-02-15,1077.85,1190.5,1061.76,1109.99,230120
2000-02-16,1126.08,1222.62,1126.08,1214.57,404047
2000-02-17,1206.53,1222.62,1150.24,1214.57,207494
2000-02-18,1126.08,1158.27,1118.03,1142.19,199040
2000-02-21,1061.76,1134.14,1061.76,1085.92,253741
2000-02-22,1077.85,1085.92,1005.48,1077.85,300985
2000-02-23,1037.6,1109.99,1029.54,1085.92,220545
2000-02-24,1077.85,1085.92,1029.54,1029.54,224526
2000-02-25,1077.85,1118.03,1053.71,1118.03,227135
2000-02-28,1102.01,1102.01,1053.71,1085.92,102815
2000-02-29,1126.08,1126.08,1102.01,1126.08,140981
2000-03-01,1069.8,1102.01,1037.6,1045.65,153163
2000-03-02,1053.71,1085.92,1053.71,1077.85,106669
2000-03-03,1085.92,1085.92,1053.71,1061.76,107913
2000-03-06,1061.76,1077.85,1053.71,1069.8,129543
2000-03-07,1013.53,1069.8,1013.53,1053.71,199410
2000-03-08,1045.65,1069.8,1037.6,1061.76,86528
2000-03-09,1045.65,1053.71,1021.57,1029.54,117984
2000-03-10,1045.65,1077.85,1021.57,1077.85,416355
2000-03-13,1118.03,1126.08,1077.85,1109.99,187353
2000-03-14,1069.8,1142.19,1061.76,1142.19,337287
2000-03-15,1085.92,1109.99,1029.54,1037.6,280844
2000-03-16,1061.76,1077.85,1029.54,1061.76,138866
2000-03-17,1085.92,1085.92,1045.65,1085.92,161368
2000-03-21,1102.01,1134.14,1077.85,1118.03,311923
2000-03-22,1142.19,1142.19,1085.92,1134.14,139739
2000-03-23,1093.96,1109.99,1085.92,1093.96,67756
2000-03-24,1085.92,1134.14,1077.85,1134.14,284200
2000-03-27,1150.24,1190.5,1134.14,1158.27,273135
2000-03-28,1174.4,1174.4,1134.14,1158.27,118977
2000-03-29,1166.33,1166.33,1134.14,1134.14,110895
2000-03-30,1134.14,1142.19,1118.03,1126.08,97096
2000-03-31,1134.14,1134.14,1102.01,1102.01,53707
2000-04-03,1109.99,1174.4,1109.99,1174.4,165970
2000-04-04,1174.4,1174.4,1150.24,1158.27,166963
2000-04-05,1150.24,1262.88,1142.19,1262.88,567530
2000-04-06,1246.78,1246.78,1182.44,1222.62,292778
2000-04-07,1222.62,1222.62,1166.33,1190.5,124196
2000-04-10,1190.5,1214.57,1174.4,1206.53,134018
2000-04-11,1206.53,1206.53,1174.4,1182.44,84787
2000-04-12,1174.4,1214.57,1158.27,1214.57,161866
2000-04-13,1238.74,1295,1238.74,1270.93,614398
2000-04-14,1246.78,1254.83,1206.53,1214.57,233104
2000-04-17,1093.96,1158.27,1085.92,1118.03,256725
2000-04-18,1158.27,1158.27,1085.92,1126.08,214704
2000-04-19,1126.08,1150.24,1102.01,1126.08,186981
2000-04-20,1126.08,1134.14,1102.01,1102.01,183500
2000-04-21,1134.14,1142.19,1077.85,1126.08,472548
2000-04-24,1118.03,1126.08,1093.96,1109.99,116365
2000-04-25,1126.08,1142.19,1102.01,1109.99,169202
2000-04-26,1118.03,1150.24,1102.01,1134.14,221791
2000-04-27,1150.24,1158.27,1109.99,1118.03,185986
2000-04-28,1109.99,1118.03,1102.01,1109.99,116244
2000-05-01,1093.96,1118.03,1069.8,1118.03,224153
2000-05-02,1134.14,1158.27,1126.08,1126.08,185986
2000-05-08,1142.19,1158.27,1134.14,1158.27,121214
2000-05-09,1134.14,1166.33,1134.14,1150.24,195309
2000-05-10,1142.19,1150.24,1093.96,1126.08,145209
2000-05-11,1118.03,1126.08,1093.96,1126.08,130413
2000-05-12,1118.03,1126.08,1093.96,1118.03,188223
2000-05-15,1102.01,1118.03,1093.96,1118.03,119598
2000-05-16,1109.99,1118.03,1102.01,1109.99,131407
2000-05-17,1118.03,1150.24,1109.99,1150.24,105176
2000-05-18,1126.08,1142.19,1109.99,1118.03,70489
2000-05-19,1109.99,1126.08,1093.96,1126.08,65766
2000-05-22,1085.92,1085.92,1037.6,1077.85,114625
2000-05-23,1085.92,1085.92,1061.76,1085.92,95729
2000-05-24,1053.71,1085.92,1053.71,1077.85,63901
2000-05-25,1093.96,1102.01,1069.8,1077.85,76582
2000-05-26,1069.8,1077.85,1045.65,1053.71,68874
2000-05-29,1069.8,1069.8,1053.71,1061.76,86030
2000-05-30,1053.71,1061.76,1029.54,1029.54,163111
2000-05-31,1037.6,1061.76,1029.54,1029.54,91252
2000-06-01,1029.54,1045.65,1029.54,1045.65,54576
2000-06-02,1045.65,1045.65,1013.53,1013.53,167712
2000-06-05,1093.96,1093.96,1061.76,1061.76,157392
2000-06-06,1061.76,1085.92,1053.71,1077.85,89262
2000-06-07,1077.85,1134.14,1077.85,1118.03,254237
2000-06-08,1150.24,1166.33,1118.03,1166.33,437491
2000-06-09,1166.33,1230.68,1158.27,1182.44,838552
2000-06-12,1198.48,1230.68,1190.5,1214.57,546768
2000-06-13,1206.53,1206.53,1150.24,1158.27,252622
2000-06-14,1174.4,1182.44,1134.14,1142.19,223283
2000-06-15,1126.08,1182.44,1118.03,1158.27,223904
2000-06-16,1198.48,1198.48,1093.96,1142.19,183376
2000-06-19,1126.08,1126.08,1102.01,1126.08,90506
2000-06-20,1150.24,1174.4,1134.14,1174.4,230989
2000-06-21,1166.33,1174.4,1126.08,1158.27,113258
2000-06-22,1126.08,1142.19,1126.08,1134.14,92247
2000-06-23,1134.14,1166.33,1118.03,1126.08,104307
2000-06-26,1166.33,1174.4,1126.08,1166.33,205256
2000-06-27,1166.33,1182.44,1150.24,1166.33,101074
2000-06-28,1182.44,1198.48,1166.33,1198.48,162615
2000-06-29,1198.48,1206.53,1182.44,1190.5,106669
2000-06-30,1206.53,1278.89,1198.48,1254.83,655426
2000-07-03,1415.7,1488.08,1383.49,1471.98,1423737
2000-07-04,1520.23,1568.51,1447.81,1471.98,1458548
2000-07-05,1488.08,1488.08,1431.8,1439.77,376446
2000-07-06,1375.44,1399.6,1351.38,1375.44,311675
2000-07-07,1367.38,1375.44,1335.26,1375.44,250759
2000-07-10,1375.44,1399.6,1351.38,1367.38,323735
2000-07-11,1391.53,1455.87,1391.53,1455.87,702669
2000-07-12,1480.01,1496.12,1423.75,1439.77,455144
2000-07-13,1439.77,1439.77,1383.49,1383.49,184120
2000-07-14,1383.49,1415.7,1351.38,1375.44,267292
2000-07-17,1351.38,1367.38,1319.15,1327.21,202770
2000-07-18,1327.21,1327.21,1303.06,1319.15,125316
2000-07-19,1303.06,1311.11,1246.78,1270.93,183995
2000-07-21,1367.38,1383.49,1335.26,1335.26,239820
2000-07-24,1327.21,1327.21,1270.93,1327.21,287557
2000-07-25,1286.96,1311.11,1270.93,1311.11,212965
2000-07-26,1286.96,1295,1270.93,1278.89,96969
2000-07-27,1286.96,1286.96,1246.78,1278.89,234969
2000-07-28,1238.74,1270.93,1230.68,1230.68,146326
2000-07-31,1222.62,1246.78,1190.5,1230.68,169576
2000-08-01,1246.78,1278.89,1206.53,1278.89,159008
2000-08-02,1278.89,1286.96,1230.68,1278.89,126560
2000-08-03,1246.78,1254.83,1214.57,1246.78,167959
2000-08-04,1246.78,1270.93,1230.68,1254.83,124447
2000-08-07,1254.83,1278.89,1246.78,1278.89,114998
2000-08-08,1286.96,1311.11,1278.89,1295,253368
2000-08-09,1311.11,1319.15,1270.93,1270.93,171565
2000-08-10,1254.83,1286.96,1254.83,1278.89,166342
2000-08-11,1262.88,1319.15,1262.88,1319.15,200905
2000-08-14,1319.15,1327.21,1295,1327.21,162239
2000-08-15,1311.11,1343.3,1295,1343.3,176163
2000-08-16,1311.11,1327.21,1295,1319.15,126934
2000-08-17,1286.96,1295,1278.89,1286.96,107538
2000-08-18,1303.06,1311.11,1270.93,1278.89,131657
2000-08-21,1286.96,1303.06,1246.78,1270.93,108780
2000-08-22,1270.93,1303.06,1262.88,1303.06,173306
2000-08-23,1270.93,1278.89,1254.83,1270.93,101945
2000-08-24,1254.83,1286.96,1254.83,1286.96,101322
2000-08-25,1295,1303.06,1262.88,1270.93,104928
2000-08-28,1262.88,1262.88,1230.68,1246.78,129170
2000-08-29,1254.83,1262.88,1222.62,1254.83,225644
2000-08-30,1246.78,1246.78,1190.5,1222.62,178900
2000-08-31,1206.53,1222.62,1198.48,1206.53,104057
2000-09-01,1206.53,1214.57,1182.44,1214.57,110149
2000-09-04,1198.48,1206.53,1190.5,1190.5,53333
2000-09-05,1198.48,1206.53,1182.44,1198.48,115373
2000-09-06,1182.44,1182.44,1150.24,1150.24,148316
2000-09-07,1134.14,1142.19,1109.99,1126.08,117237
2000-09-08,1142.19,1166.33,1109.99,1126.08,300985
2000-09-11,1126.08,1142.19,1069.8,1085.92,315156
2000-09-12,1077.85,1085.92,1061.76,1069.8,171068
2000-09-13,1077.85,1093.96,1077.85,1093.96,105176
2000-09-14,1093.96,1102.01,1069.8,1077.85,114998
2000-09-18,1061.76,1077.85,1053.71,1069.8,87647
2000-09-19,1061.76,1077.85,1045.65,1077.85,124323
2000-09-20,1077.85,1093.96,1077.85,1093.96,122207
2000-09-21,1085.92,1093.96,1061.76,1077.85,102068
2000-09-22,1061.76,1061.76,1045.65,1061.76,166842
2000-09-25,1085.92,1085.92,1061.76,1077.85,176661
2000-09-26,1085.92,1109.99,1077.85,1077.85,158386
2000-09-27,1109.99,1134.14,1085.92,1085.92,199786
2000-09-28,1085.92,1109.99,1053.71,1053.71,99830
2000-09-29,1053.71,1109.99,1053.71,1069.8,152793
2000-10-02,1102.01,1109.99,1077.85,1109.99,89386
2000-10-03,1109.99,1166.33,1093.96,1166.33,158386
2000-10-04,1166.33,1174.4,1126.08,1166.33,224030
2000-10-05,1126.08,1142.19,1109.99,1109.99,120096
2000-10-06,1102.01,1126.08,1085.92,1126.08,116986
2000-10-10,1093.96,1109.99,1077.85,1077.85,133647
2000-10-11,1085.92,1102.01,1077.85,1102.01,100204
2000-10-12,1102.01,1126.08,1085.92,1126.08,119473
2000-10-13,1126.08,1134.14,1102.01,1118.03,213584
2000-10-16,1126.08,1134.14,1102.01,1102.01,73599
2000-10-17,1118.03,1126.08,1069.8,1069.8,142223
2000-10-18,1069.8,1085.92,1061.76,1085.92,86030
2000-10-19,1077.85,1093.96,1069.8,1093.96,95849
2000-10-20,1093.96,1093.96,1069.8,1093.96,97220
2000-10-23,1077.85,1093.96,1069.8,1085.92,98217
2000-10-24,1069.8,1093.96,1069.8,1093.96,85158
2000-10-25,1109.99,1109.99,1085.92,1093.96,93119
2000-10-26,1069.8,1085.92,1045.65,1077.85,194565
2000-10-27,1093.96,1109.99,1053.71,1053.71,157268
2000-10-30,1085.92,1085.92,1013.53,1045.65,95729
2000-10-31,1045.65,1061.76,1029.54,1045.65,80811
2000-11-01,1029.54,1045.65,1029.54,1045.65,73473
2000-11-02,1045.65,1053.71,1037.6,1053.71,73101
2000-11-06,1053.71,1077.85,1045.65,1077.85,113879
2000-11-07,1085.92,1093.96,1069.8,1085.92,94981
2000-11-08,1085.92,1093.96,1077.85,1093.96,68874
2000-11-09,1077.85,1085.92,1061.76,1069.8,51346
2000-11-10,1045.65,1069.8,1045.65,1061.76,113382
2000-11-13,1045.65,1053.71,1021.57,1021.57,65766
2000-11-14,1045.65,1045.65,1021.57,1029.54,42891
2000-11-15,1021.57,1037.6,1013.53,1021.57,107291
2000-11-16,1021.57,1021.57,981.31,981.31,137128
2000-11-17,973.27,989.37,973.27,981.31,117237
2000-11-20,973.27,981.31,965.21,981.31,103313
2000-11-21,965.21,981.31,957.16,973.27,106917
2000-11-22,949.12,981.31,949.12,965.21,70119
2000-11-24,949.12,981.31,949.12,973.27,103313
2000-11-27,997.42,1005.48,981.31,981.31,89884
2000-11-28,1021.57,1029.54,1005.48,1013.53,146202
2000-11-29,1021.57,1093.96,1021.57,1093.96,409518
2000-11-30,1085.92,1085.92,1061.76,1061.76,186483
2000-12-01,1069.8,1158.27,1061.76,1158.27,426427
2000-12-04,1182.44,1222.62,1142.19,1142.19,374708
2000-12-05,1166.33,1166.33,1085.92,1093.96,183376
2000-12-06,1134.14,1142.19,1102.01,1118.03,239693
2000-12-07,1093.96,1142.19,1093.96,1126.08,170198
2000-12-08,1102.01,1174.4,1102.01,1174.4,555720
2000-12-11,1206.53,1246.78,1198.48,1214.57,611293
2000-12-12,1230.68,1238.74,1182.44,1190.5,244542
2000-12-13,1182.44,1190.5,1158.27,1158.27,232606
2000-12-14,1174.4,1182.44,1126.08,1142.19,175542
2000-12-15,1158.27,1158.27,1118.03,1134.14,192449
2000-12-18,1109.99,1126.08,1085.92,1102.01,122582
2000-12-19,1102.01,1102.01,1045.65,1053.71,161122
2000-12-20,1053.71,1085.92,1021.57,1085.92,232857
2000-12-21,1037.6,1077.85,989.37,1013.53,350589
2000-12-22,1045.65,1061.76,1029.54,1037.6,286561
2000-12-25,1093.96,1102.01,1053.71,1085.92,229748
2000-12-26,1093.96,1118.03,1069.8,1109.99,148690
2000-12-27,1118.03,1246.78,1109.99,1238.74,1026153
2000-12-28,1238.74,1246.78,1198.48,1222.62,625588
2000-12-29,1222.62,1262.88,1214.57,1254.83,359538
2001-01-04,1254.83,1262.88,1182.44,1190.5,265676
2001-01-05,1174.4,1190.5,1150.24,1174.4,400193
2001-01-09,1214.57,1238.74,1190.5,1206.53,735737
2001-01-10,1222.62,1319.15,1214.57,1303.06,1806028
2001-01-11,1319.15,1335.26,1214.57,1230.68,1777434
2001-01-12,1230.68,1278.89,1222.62,1246.78,1082968
2001-01-15,1262.88,1286.96,1230.68,1270.93,784223
2001-01-16,1270.93,1295,1254.83,1278.89,1100376
2001-01-17,1286.96,1311.11,1262.88,1295,1125240
2001-01-18,1286.96,1383.49,1286.96,1367.38,3451305
2001-01-19,1423.75,1480.01,1407.66,1447.81,4873797
2001-01-22,1439.77,1471.98,1391.53,1431.8,1611586
2001-01-23,1423.75,1528.26,1399.6,1520.23,3762360
2001-01-24,1512.24,1528.26,1463.93,1463.93,1950863
2001-01-25,1488.08,1512.24,1447.81,1488.08,1478811
2001-01-26,1520.23,1608.7,1512.24,1600.72,4319695
2001-01-29,1632.85,1656.99,1584.61,1592.67,2808932
2001-01-30,1568.51,1616.74,1528.26,1616.74,2636997
2001-01-31,1608.7,1608.7,1544.37,1544.37,846135
2001-02-01,1496.12,1512.24,1455.87,1512.24,1468369
2001-02-02,1488.08,1512.24,1463.93,1463.93,1195358
2001-02-05,1423.75,1447.81,1407.66,1415.7,850609
2001-02-06,1407.66,1480.01,1407.66,1447.81,918366
2001-02-07,1488.08,1536.31,1480.01,1536.31,1959192
2001-02-08,1536.31,1568.51,1496.12,1528.26,1877883
2001-02-09,1544.37,1592.67,1536.31,1576.58,3115512
2001-02-13,1624.8,1689.13,1592.67,1689.13,4378001
2001-02-14,1656.99,1689.13,1632.85,1656.99,2401404
2001-02-15,1656.99,1681.15,1632.85,1648.95,1343674
2001-02-16,1640.89,1648.95,1600.72,1608.7,1009122
2001-02-19,1576.58,1648.95,1560.47,1632.85,1232032
2001-02-20,1632.85,1705.22,1632.85,1697.18,3613670
2001-02-21,1681.15,1705.22,1648.95,1705.22,2051812
2001-02-22,1665.06,1713.28,1665.06,1681.15,1908095
2001-02-23,1681.15,1697.18,1665.06,1673.1,981771
2001-02-26,1689.13,1761.6,1665.06,1753.54,2421296
2001-02-27,1793.71,1930.53,1769.55,1914.4,5800123
2001-02-28,1874.16,1962.62,1858.05,1874.16,3397224
2001-03-01,1898.31,1946.53,1817.87,1842.03,2760447
2001-03-02,1833.97,1866.1,1753.54,1761.6,1458793
2001-03-05,1721.34,1737.44,1681.15,1705.22,903823
2001-03-06,1737.44,1850,1737.44,1842.03,1296927
2001-03-07,1874.16,1882.21,1785.66,1817.87,808839
2001-03-08,1801.75,1882.21,1777.62,1882.21,1107334
2001-03-09,1906.34,1994.84,1898.31,1922.45,4499217
2001-03-12,1882.21,1906.34,1842.03,1850,912398
2001-03-13,1729.39,1825.93,1705.22,1825.93,1110568
2001-03-14,1866.1,1874.16,1713.28,1737.44,1095279
2001-03-15,1616.74,1729.39,1616.74,1729.39,1386192
2001-03-16,1761.6,1809.82,1713.28,1801.75,1070040
2001-03-19,1777.62,1874.16,1753.54,1809.82,954171
2001-03-21,1793.71,1833.97,1761.6,1833.97,777508
2001-03-22,1801.75,1833.97,1777.62,1809.82,637152
2001-03-23,1809.82,2010.93,1809.82,1994.84,3044150
2001-03-26,2075.27,2155.72,2018.91,2131.55,3016178
2001-03-27,2123.49,2123.49,2026.97,2035.03,1010241
2001-03-28,2115.45,2163.77,2067.22,2075.27,1147120
2001-03-29,2059.17,2147.66,2018.91,2018.91,842655
2001-03-30,2083.33,2115.45,2051.13,2059.17,751777
2001-04-02,2099.35,2107.39,2051.13,2067.22,720072
2001-04-03,2099.35,2228.08,2075.27,2228.08,2827827
2001-04-04,2228.08,2324.63,2187.84,2316.58,3348987
2001-04-05,2308.52,2364.81,2276.32,2316.58,2268007
2001-04-06,2276.32,2316.58,2203.94,2228.08,1805157
2001-04-09,2212,2276.32,2187.84,2212,1029013
2001-04-10,2236.13,2276.32,2212,2228.08,844021
2001-04-11,2252.26,2252.26,2179.78,2203.94,762965
2001-04-12,2163.77,2195.9,2155.72,2171.8,911652
2001-04-13,2171.8,2228.08,2139.61,2147.66,995074
2001-04-16,2179.78,2187.84,2147.66,2155.72,412999
2001-04-17,2163.77,2163.77,2115.45,2155.72,567033
2001-04-18,2115.45,2179.78,2099.35,2163.77,1339943
2001-04-19,2195.9,2195.9,2115.45,2155.72,1230789
2001-04-20,2155.72,2203.94,2123.49,2179.78,1575533
2001-04-23,2195.9,2260.22,2171.8,2260.22,2276337
2001-04-24,2244.21,2292.42,2228.08,2252.26,1670019
2001-04-25,2244.21,2260.22,2203.94,2212,910037
2001-04-26,2252.26,2252.26,2179.78,2203.94,942859
2001-04-27,2179.78,2236.13,2171.8,2228.08,926324
2001-05-01,2236.13,2252.26,2212,2252.26,969463
2001-05-02,2244.21,2276.32,2228.08,2244.21,1480427
2001-05-07,2244.21,2244.21,2147.66,2147.66,787955
2001-05-08,2107.39,2115.45,2026.97,2067.22,1008252
2001-05-09,2010.93,2018.91,1938.48,2018.91,1467000
2001-05-10,2051.13,2115.45,2051.13,2091.38,1343425
2001-05-11,2091.38,2099.35,2018.91,2035.03,658160
2001-05-14,1994.84,2002.89,1938.48,1954.58,683648
2001-05-15,1946.53,1994.84,1922.45,1986.79,717587
2001-05-16,1970.68,2026.97,1954.58,1970.68,1150726
2001-05-17,2010.93,2043.08,1946.53,1962.62,1398871
2001-05-18,1986.79,1994.84,1954.58,1962.62,599854
2001-05-21,1954.58,1978.74,1930.53,1954.58,536821
2001-05-22,1970.68,2026.97,1962.62,1970.68,841163
2001-05-23,1994.84,2075.27,1986.79,2043.08,1258636
2001-05-24,2018.91,2035.03,1986.79,1994.84,483488
2001-05-25,1986.79,1994.84,1946.53,1954.58,339276
2001-05-28,1922.45,1938.48,1874.16,1882.21,669722
2001-05-29,1890.25,1938.48,1850,1850,764457
2001-05-30,1866.1,1906.34,1866.1,1866.1,631555
2001-05-31,1890.25,1938.48,1874.16,1906.34,1031003
2001-06-01,1906.34,1922.45,1890.25,1890.25,448553
2001-06-04,1890.25,1906.34,1858.05,1890.25,468321
2001-06-05,1890.25,1898.31,1850,1874.16,368491
2001-06-06,1882.21,1906.34,1866.1,1882.21,492564
2001-06-07,1850,1890.25,1833.97,1890.25,593017
2001-06-08,1930.53,1970.68,1906.34,1962.62,1139288
2001-06-11,1954.58,2018.91,1938.48,1970.68,811949
2001-06-12,1938.48,1962.62,1850,1850,467824
2001-06-13,1866.1,1898.31,1858.05,1890.25,335420
2001-06-14,1874.16,1890.25,1842.03,1882.21,402181
2001-06-15,1842.03,1858.05,1785.66,1809.82,510718
2001-06-18,1793.71,1842.03,1793.71,1825.93,222286
2001-06-19,1842.03,1874.16,1825.93,1842.03,300237
2001-06-20,1842.03,1842.03,1737.44,1777.62,476775
2001-06-21,1793.71,1817.87,1737.44,1801.75,440598
2001-06-22,1785.66,1817.87,1761.6,1817.87,440349
2001-06-25,1833.97,1842.03,1785.66,1785.66,171565
2001-06-26,1793.71,1842.03,1785.66,1833.97,329577
2001-06-27,1850,1850,1769.55,1777.62,436867
2001-06-28,1769.55,1769.55,1648.95,1689.13,1304012
2001-06-29,1407.66,1496.12,1351.38,1431.8,6109559
2001-07-02,1455.87,1488.08,1431.8,1480.01,2394568
2001-07-03,1480.01,1488.08,1431.8,1447.81,1207044
2001-07-04,1439.77,1439.77,1343.3,1359.34,1598658
2001-07-05,1351.38,1367.38,1319.15,1359.34,840540
2001-07-06,1327.21,1327.21,1295,1327.21,681284
2001-07-09,1295,1303.06,1262.88,1286.96,887287
2001-07-10,1311.11,1319.15,1254.83,1262.88,701425
2001-07-11,1246.78,1254.83,1190.5,1190.5,647718
2001-07-12,1174.4,1190.5,1109.99,1166.33,2505835
2001-07-13,1150.24,1182.44,1134.14,1174.4,2509566
2001-07-16,1190.5,1270.93,1182.44,1222.62,1830891
2001-07-17,1198.48,1206.53,1158.27,1166.33,924459
2001-07-18,1198.48,1222.62,1158.27,1174.4,681284
2001-07-19,1214.57,1222.62,1182.44,1214.57,1402602
2001-07-23,1206.53,1206.53,1166.33,1190.5,783104
2001-07-24,1174.4,1206.53,1166.33,1190.5,686629
2001-07-25,1166.33,1206.53,1142.19,1166.33,728155
2001-07-26,1182.44,1198.48,1158.27,1174.4,357551
2001-07-27,1214.57,1222.62,1182.44,1206.53,524514
2001-07-30,1222.62,1230.68,1166.33,1166.33,438112
2001-07-31,1158.27,1182.44,1142.19,1182.44,585433
2001-08-01,1174.4,1182.44,1134.14,1142.19,601221
2001-08-02,1158.27,1174.4,1134.14,1158.27,584934
2001-08-03,1174.4,1198.48,1166.33,1174.4,389999
2001-08-06,1174.4,1222.62,1166.33,1222.62,353946
2001-08-07,1206.53,1214.57,1182.44,1206.53,378313
2001-08-08,1222.62,1335.26,1214.57,1319.15,2420055
2001-08-09,1295,1391.53,1262.88,1262.88,3742965
2001-08-10,1295,1335.26,1286.96,1295,1366175
2001-08-13,1319.15,1351.38,1295,1303.06,980651
2001-08-14,1319.15,1327.21,1286.96,1311.11,468196
2001-08-15,1319.15,1343.3,1295,1335.26,468695
2001-08-16,1319.15,1351.38,1303.06,1343.3,659529
2001-08-17,1351.38,1351.38,1319.15,1319.15,558827
2001-08-20,1295,1319.15,1278.89,1286.96,542665
2001-08-21,1295,1319.15,1286.96,1295,342257
2001-08-22,1295,1335.26,1286.96,1286.96,482245
2001-08-23,1311.11,1311.11,1286.96,1286.96,427917
2001-08-24,1286.96,1311.11,1246.78,1295,849368
2001-08-27,1311.11,1335.26,1254.83,1270.93,727657
2001-08-28,1278.89,1286.96,1246.78,1246.78,579961
2001-08-29,1230.68,1230.68,1206.53,1214.57,631308
2001-08-30,1206.53,1206.53,1158.27,1182.44,543908
2001-08-31,1142.19,1174.4,1126.08,1150.24,491071
2001-09-03,1158.27,1166.33,1085.92,1102.01,470436
2001-09-04,1109.99,1150.24,1102.01,1150.24,566039
2001-09-05,1109.99,1126.08,1093.96,1109.99,441219
2001-09-06,1102.01,1126.08,1102.01,1126.08,204137
2001-09-07,1109.99,1158.27,1109.99,1158.27,355687
2001-09-10,1118.03,1142.19,1102.01,1102.01,357675
2001-09-11,1102.01,1109.99,1061.76,1069.8,428913
2001-09-12,868.68,997.42,868.68,900.89,697445
2001-09-13,925.05,965.21,908.94,949.12,700184
2001-09-14,957.16,1029.54,957.16,1029.54,569271
2001-09-17,973.27,989.37,941.14,941.14,312546
2001-09-18,957.16,997.42,957.16,989.37,218932
2001-09-19,981.31,1093.96,981.31,1037.6,487963
2001-09-20,1037.6,1077.85,1013.53,1053.71,298993
2001-09-21,997.42,1053.71,997.42,1045.65,307323
2001-09-25,1126.08,1126.08,1045.65,1045.65,165846
2001-09-26,1021.57,1045.65,957.16,957.16,450169
2001-09-27,965.21,965.21,925.05,957.16,708634
2001-09-28,965.21,989.37,965.21,973.27,327217
2001-10-01,997.42,1045.65,965.21,1029.54,434757
2001-10-02,1029.54,1077.85,1013.53,1077.85,337659
2001-10-03,1093.96,1102.01,1045.65,1053.71,304837
2001-10-04,1085.92,1102.01,1061.76,1093.96,360535
2001-10-05,1069.8,1093.96,1061.76,1093.96,290665
2001-10-09,1061.76,1077.85,1013.53,1013.53,327962
2001-10-10,1005.48,1021.57,989.37,997.42,207867
2001-10-11,1013.53,1053.71,1013.53,1045.65,240066
2001-10-12,1069.8,1077.85,1045.65,1077.85,376945
2001-10-15,1045.65,1069.8,1045.65,1069.8,140981
2001-10-16,1053.71,1109.99,1053.71,1102.01,356431
2001-10-17,1102.01,1102.01,1069.8,1085.92,433016
2001-10-18,1069.8,1077.85,1053.71,1053.71,257843
2001-10-19,1053.71,1061.76,1045.65,1061.76,228380
2001-10-22,1061.76,1069.8,1045.65,1069.8,172557
2001-10-23,1069.8,1158.27,1061.76,1158.27,941492
2001-10-24,1142.19,1182.44,1118.03,1134.14,838552
2001-10-25,1134.14,1190.5,1134.14,1166.33,558580
2001-10-26,1190.5,1222.62,1166.33,1190.5,592145
2001-10-29,1222.62,1238.74,1150.24,1150.24,402057
2001-10-30,1134.14,1206.53,1134.14,1190.5,730019
2001-10-31,1190.5,1214.57,1158.27,1158.27,414239
2001-11-01,1182.44,1190.5,1158.27,1158.27,325598
2001-11-02,1182.44,1190.5,1158.27,1166.33,308940
2001-11-05,1182.44,1190.5,1158.27,1166.33,111516
2001-11-06,1182.44,1230.68,1174.4,1222.62,746679
2001-11-07,1230.68,1270.93,1198.48,1254.83,1280392
2001-11-08,1238.74,1246.78,1182.44,1206.53,473419
2001-11-09,1190.5,1206.53,1126.08,1142.19,570142
2001-11-12,1126.08,1150.24,1126.08,1134.14,241930
2001-11-13,1109.99,1126.08,1085.92,1109.99,189717
2001-11-14,1134.14,1142.19,1102.01,1102.01,321993
2001-11-15,1093.96,1134.14,1077.85,1126.08,285072
2001-11-16,1109.99,1150.24,1102.01,1109.99,216571
2001-11-19,1109.99,1158.27,1109.99,1134.14,144213
2001-11-20,1150.24,1174.4,1150.24,1166.33,201030
2001-11-21,1150.24,1166.33,1134.14,1158.27,254488
2001-11-22,1118.03,1142.19,1109.99,1134.14,276615
2001-11-26,1150.24,1190.5,1142.19,1182.44,369363
2001-11-27,1174.4,1222.62,1166.33,1174.4,622979
2001-11-28,1182.44,1198.48,1150.24,1166.33,311550
2001-11-29,1142.19,1166.33,1134.14,1142.19,213709
2001-11-30,1166.33,1214.57,1158.27,1206.53,613032
2001-12-03,1214.57,1214.57,1174.4,1182.44,261574
2001-12-04,1142.19,1174.4,1134.14,1150.24,293027
2001-12-05,1166.33,1222.62,1150.24,1206.53,861800
2001-12-06,1246.78,1262.88,1214.57,1238.74,899344
2001-12-07,1246.78,1278.89,1230.68,1246.78,786336
2001-12-10,1262.88,1286.96,1238.74,1278.89,724174
2001-12-11,1278.89,1303.06,1182.44,1198.48,1328258
2001-12-12,1198.48,1262.88,1190.5,1238.74,1077623
2001-12-13,1246.78,1262.88,1182.44,1198.48,800137
2001-12-14,1190.5,1246.78,1150.24,1238.74,1302647
2001-12-17,1190.5,1198.48,1126.08,1142.19,882935
2001-12-18,1142.19,1158.27,1013.53,1037.6,1416649
2001-12-19,997.42,1061.76,965.21,1037.6,1066311
2001-12-20,1037.6,1102.01,1037.6,1077.85,517801
2001-12-21,1118.03,1126.08,1077.85,1126.08,563551
2001-12-25,1102.01,1109.99,1069.8,1093.96,243670
2001-12-26,1085.92,1118.03,1069.8,1093.96,188223
2001-12-27,1085.92,1093.96,1069.8,1093.96,208986
2001-12-28,1077.85,1126.08,1061.76,1126.08,258838
2002-01-04,1126.08,1134.14,1093.96,1134.14,97345
2002-01-07,1142.19,1174.4,1118.03,1142.19,201899
2002-01-08,1158.27,1182.44,1150.24,1150.24,514569
2002-01-09,1142.19,1158.27,1109.99,1109.99,234596
2002-01-10,1150.24,1166.33,1126.08,1134.14,321870
2002-01-11,1158.27,1174.4,1134.14,1142.19,565168
2002-01-15,1126.08,1158.27,1093.96,1158.27,410638
2002-01-16,1142.19,1158.27,1118.03,1134.14,426550
2002-01-17,1126.08,1142.19,1118.03,1126.08,219303
2002-01-18,1150.24,1166.33,1134.14,1166.33,451786
2002-01-21,1174.4,1254.83,1150.24,1238.74,997560
2002-01-22,1214.57,1222.62,1166.33,1166.33,271644
2002-01-23,1158.27,1190.5,1158.27,1166.33,187849
2002-01-24,1206.53,1222.62,1182.44,1206.53,324977
2002-01-25,1238.74,1254.83,1206.53,1254.83,548759
2002-01-28,1254.83,1286.96,1246.78,1278.89,747300
2002-01-29,1262.88,1286.96,1198.48,1198.48,603334
2002-01-30,1198.48,1214.57,1190.5,1206.53,362524
2002-01-31,1230.68,1262.88,1206.53,1262.88,365134
2002-02-01,1254.83,1262.88,1198.48,1214.57,331443
2002-02-04,1214.57,1238.74,1182.44,1198.48,537195
2002-02-05,1158.27,1166.33,1109.99,1109.99,535331
2002-02-06,1134.14,1198.48,1118.03,1166.33,494803
2002-02-07,1158.27,1190.5,1150.24,1166.33,361405
2002-02-08,1158.27,1166.33,1142.19,1158.27,409269
2002-02-12,1174.4,1190.5,1166.33,1166.33,334428
2002-02-13,1174.4,1222.62,1174.4,1214.57,543038
2002-02-14,1254.83,1295,1238.74,1295,1444499
2002-02-15,1270.93,1295,1230.68,1286.96,1310729
2002-02-18,1270.93,1303.06,1230.68,1246.78,1182054
2002-02-19,1246.78,1254.83,1190.5,1198.48,544903
2002-02-20,1190.5,1246.78,1174.4,1230.68,675069
2002-02-21,1246.78,1278.89,1214.57,1270.93,538688
2002-02-22,1246.78,1286.96,1246.78,1278.89,518548
2002-02-25,1311.11,1327.21,1270.93,1286.96,1156442
2002-02-26,1311.11,1311.11,1254.83,1270.93,662262
2002-02-27,1262.88,1351.38,1262.88,1335.26,1261496
2002-02-28,1391.53,1439.77,1375.44,1391.53,2118075
2002-03-01,1407.66,1455.87,1399.6,1455.87,1421748
2002-03-04,1480.01,1536.31,1455.87,1528.26,1876519
2002-03-05,1536.31,1544.37,1480.01,1496.12,1465259
2002-03-06,1496.12,1568.51,1488.08,1520.23,1191254
2002-03-07,1560.47,1568.51,1544.37,1552.41,785591
2002-03-08,1592.67,1592.67,1536.31,1560.47,1444499
2002-03-11,1576.58,1576.58,1512.24,1536.31,565044
2002-03-12,1536.31,1536.31,1463.93,1463.93,746179
2002-03-13,1463.93,1512.24,1455.87,1488.08,458749
2002-03-14,1471.98,1480.01,1455.87,1471.98,487963
2002-03-15,1471.98,1496.12,1463.93,1496.12,242302
2002-03-18,1504.18,1520.23,1488.08,1496.12,256477
2002-03-19,1480.01,1520.23,1480.01,1520.23,366004
2002-03-20,1528.26,1528.26,1439.77,1455.87,661269
2002-03-22,1439.77,1439.77,1407.66,1415.7,313663
2002-03-25,1415.7,1431.8,1367.38,1367.38,357177
2002-03-26,1383.49,1439.77,1375.44,1423.75,274877
2002-03-27,1463.93,1480.01,1439.77,1471.98,420333
2002-03-28,1480.01,1552.41,1480.01,1536.31,1277905
2002-03-29,1512.24,1528.26,1480.01,1496.12,336913
2002-04-01,1496.12,1496.12,1447.81,1471.98,220922
2002-04-02,1471.98,1480.01,1439.77,1463.93,423316
2002-04-03,1463.93,1616.74,1455.87,1608.7,2109996
2002-04-04,1632.85,1681.15,1592.67,1656.99,2627671
2002-04-05,1681.15,1681.15,1640.89,1665.06,1074517
2002-04-08,1648.95,1656.99,1632.85,1648.95,371100
2002-04-09,1656.99,1673.1,1592.67,1592.67,643490
2002-04-10,1576.58,1624.8,1568.51,1592.67,338901
2002-04-11,1608.7,1608.7,1552.41,1552.41,431398
2002-04-12,1544.37,1576.58,1520.23,1528.26,727781
2002-04-15,1544.37,1560.47,1528.26,1560.47,524514
2002-04-16,1560.47,1673.1,1528.26,1673.1,1967644
2002-04-17,1665.06,1713.28,1656.99,1673.1,2260423
2002-04-18,1673.1,1681.15,1632.85,1656.99,958273
2002-04-19,1640.89,1656.99,1600.72,1624.8,885548
2002-04-22,1640.89,1689.13,1632.85,1689.13,674817
2002-04-23,1673.1,1713.28,1656.99,1697.18,1036973
2002-04-24,1713.28,1721.34,1681.15,1689.13,486100
2002-04-25,1681.15,1689.13,1648.95,1648.95,365134
2002-04-26,1656.99,1673.1,1632.85,1648.95,345490
2002-04-30,1640.89,1648.95,1624.8,1624.8,293524
2002-05-01,1624.8,1665.06,1624.8,1656.99,341512
2002-05-02,1656.99,1665.06,1640.89,1665.06,202023
2002-05-07,1632.85,1648.95,1592.67,1608.7,579840
2002-05-08,1576.58,1600.72,1568.51,1592.67,802251
2002-05-09,1616.74,1632.85,1584.61,1600.72,617259
2002-05-10,1616.74,1673.1,1600.72,1640.89,1427715
2002-05-13,1648.95,1648.95,1616.74,1616.74,268038
2002-05-14,1624.8,1632.85,1592.67,1592.67,325971
2002-05-15,1632.85,1665.06,1616.74,1640.89,758364
2002-05-16,1632.85,1656.99,1624.8,1656.99,312421
2002-05-17,1648.95,1665.06,1632.85,1640.89,414365
2002-05-20,1624.8,1665.06,1624.8,1656.99,537071
2002-05-21,1689.13,1729.39,1681.15,1729.39,1591572
2002-05-22,1721.34,1737.44,1705.22,1721.34,951065
2002-05-23,1737.44,1737.44,1689.13,1697.18,809710
2002-05-24,1705.22,1769.55,1689.13,1769.55,1245582
2002-05-27,1761.6,1801.75,1753.54,1769.55,1137172
2002-05-28,1769.55,1769.55,1737.44,1761.6,440970
2002-05-29,1729.39,1761.6,1721.34,1745.48,541796
2002-05-30,1737.44,1745.48,1721.34,1737.44,468571
2002-05-31,1729.39,1761.6,1713.28,1761.6,558205
2002-06-03,1737.44,1761.6,1713.28,1737.44,460612
2002-06-04,1729.39,1737.44,1705.22,1713.28,421451
2002-06-05,1729.39,1785.66,1721.34,1777.62,622854
2002-06-06,1777.62,1809.82,1753.54,1761.6,1105845
2002-06-07,1729.39,1745.48,1705.22,1713.28,452904
2002-06-10,1697.18,1713.28,1665.06,1681.15,422697
2002-06-11,1681.15,1705.22,1665.06,1681.15,485851
2002-06-12,1673.1,1673.1,1632.85,1656.99,468820
2002-06-13,1665.06,1665.06,1600.72,1608.7,459371
2002-06-14,1568.51,1584.61,1552.41,1576.58,1299786
2002-06-17,1544.37,1560.47,1480.01,1504.18,469441
2002-06-18,1536.31,1576.58,1512.24,1560.47,522525
2002-06-19,1552.41,1560.47,1488.08,1488.08,376197
2002-06-20,1480.01,1520.23,1423.75,1504.18,801005
2002-06-21,1455.87,1480.01,1431.8,1447.81,467078
2002-06-24,1407.66,1504.18,1391.53,1488.08,439976
2002-06-25,1568.51,1568.51,1504.18,1520.23,989358
2002-06-26,1496.12,1512.24,1439.77,1463.93,466333
2002-06-27,1504.18,1520.23,1480.01,1496.12,310309
2002-06-28,1552.41,1568.51,1528.26,1568.51,458625
2002-07-01,1568.51,1584.61,1544.37,1544.37,337782
2002-07-02,1552.41,1560.47,1520.23,1560.47,311178
2002-07-03,1528.26,1600.72,1528.26,1600.72,457256
2002-07-04,1576.58,1592.67,1560.47,1576.58,273758
2002-07-05,1568.51,1608.7,1568.51,1608.7,358794
2002-07-08,1624.8,1640.89,1584.61,1584.61,399198
2002-07-09,1592.67,1616.74,1568.51,1600.72,459617
2002-07-10,1584.61,1624.8,1584.61,1600.72,280097
2002-07-11,1576.58,1576.58,1536.31,1536.31,224276
2002-07-12,1560.47,1576.58,1544.37,1552.41,486224
2002-07-15,1528.26,1536.31,1496.12,1496.12,225892
2002-07-16,1504.18,1520.23,1463.93,1463.93,307945
2002-07-17,1480.01,1520.23,1471.98,1520.23,347606
2002-07-18,1528.26,1616.74,1504.18,1592.67,433387
2002-07-19,1552.41,1560.47,1520.23,1536.31,288801
2002-07-22,1488.08,1536.31,1488.08,1520.23,250136
2002-07-23,1512.24,1552.41,1488.08,1528.26,241559
2002-07-24,1528.26,1536.31,1496.12,1496.12,251750
2002-07-25,1560.47,1560.47,1528.26,1544.37,201153
2002-07-26,1512.24,1528.26,1463.93,1480.01,466083
2002-07-29,1520.23,1520.23,1480.01,1480.01,237579
2002-07-30,1504.18,1528.26,1463.93,1471.98,402431
2002-07-31,1455.87,1471.98,1423.75,1447.81,289422
2002-08-01,1447.81,1447.81,1407.66,1423.75,441095
2002-08-02,1383.49,1383.49,1327.21,1359.34,693344
2002-08-05,1343.3,1463.93,1319.15,1447.81,1300036
2002-08-06,1415.7,1423.75,1335.26,1335.26,968344
2002-08-07,1375.44,1391.53,1351.38,1375.44,503256
2002-08-08,1391.53,1391.53,1303.06,1327.21,726663
2002-08-09,1343.3,1359.34,1319.15,1359.34,471803
2002-08-12,1359.34,1359.34,1311.11,1311.11,300237
2002-08-13,1311.11,1351.38,1303.06,1319.15,338406
2002-08-14,1327.21,1343.3,1311.11,1319.15,404918
2002-08-15,1343.3,1367.38,1335.26,1367.38,201403
2002-08-16,1359.34,1375.44,1343.3,1367.38,192699
2002-08-19,1375.44,1383.49,1343.3,1343.3,313169
2002-08-20,1375.44,1383.49,1351.38,1375.44,374333
2002-08-21,1351.38,1399.6,1343.3,1383.49,587669
2002-08-22,1383.49,1471.98,1375.44,1455.87,936019
2002-08-23,1471.98,1528.26,1471.98,1528.26,1341560
2002-08-26,1496.12,1560.47,1488.08,1544.37,904071
2002-08-27,1560.47,1560.47,1504.18,1504.18,525386
2002-08-28,1488.08,1520.23,1480.01,1496.12,284575
2002-08-29,1480.01,1496.12,1471.98,1488.08,229871
2002-08-30,1488.08,1496.12,1463.93,1471.98,341762
2002-09-02,1455.87,1463.93,1415.7,1415.7,218434
2002-09-03,1399.6,1399.6,1343.3,1343.3,600724
2002-09-04,1311.11,1327.21,1295,1303.06,474785
2002-09-05,1327.21,1359.34,1327.21,1351.38,338029
2002-09-06,1311.11,1327.21,1303.06,1311.11,319881
2002-09-09,1367.38,1375.44,1343.3,1359.34,236585
2002-09-10,1391.53,1407.66,1383.49,1407.66,378685
2002-09-11,1399.6,1423.75,1391.53,1399.6,246904
2002-09-12,1399.6,1415.7,1391.53,1415.7,187353
2002-09-13,1399.6,1399.6,1383.49,1399.6,702917
2002-09-17,1407.66,1463.93,1399.6,1455.87,293276
2002-09-18,1415.7,1431.8,1399.6,1423.75,206250
2002-09-19,1480.01,1480.01,1447.81,1463.93,339898
2002-09-20,1423.75,1463.93,1423.75,1455.87,303594
2002-09-24,1415.7,1423.75,1399.6,1407.66,268785
2002-09-25,1399.6,1399.6,1335.26,1335.26,407278
2002-09-26,1359.34,1367.38,1343.3,1367.38,326346
2002-09-27,1399.6,1407.66,1367.38,1407.66,284697
2002-09-30,1367.38,1407.66,1367.38,1407.66,158634
2002-10-01,1367.38,1383.49,1351.38,1367.38,264433
2002-10-02,1391.53,1391.53,1327.21,1327.21,205755
2002-10-03,1327.21,1359.34,1278.89,1278.89,413247
2002-10-04,1303.06,1311.11,1278.89,1311.11,265552
2002-10-07,1262.88,1262.88,1190.5,1206.53,392483
2002-10-08,1206.53,1262.88,1206.53,1254.83,273135
2002-10-09,1262.88,1262.88,1214.57,1222.62,260455
2002-10-10,1166.33,1174.4,1093.96,1142.19,632922
2002-10-11,1166.33,1198.48,1166.33,1182.44,391741
2002-10-15,1214.57,1246.78,1206.53,1214.57,366128
2002-10-16,1262.88,1270.93,1222.62,1230.68,356928
2002-10-17,1222.62,1262.88,1222.62,1254.83,232482
2002-10-18,1254.83,1270.93,1238.74,1254.83,275249
2002-10-21,1254.83,1262.88,1222.62,1230.68,181885
2002-10-22,1246.78,1246.78,1182.44,1182.44,338406
2002-10-23,1158.27,1198.48,1126.08,1190.5,458377
2002-10-24,1166.33,1174.4,1126.08,1134.14,513697
2002-10-25,1142.19,1190.5,1142.19,1182.44,302850
2002-10-28,1182.44,1182.44,1150.24,1166.33,342010
2002-10-29,1174.4,1214.57,1166.33,1190.5,523522
2002-10-30,1206.53,1246.78,1190.5,1230.68,450169
2002-10-31,1246.78,1246.78,1174.4,1182.44,416481
2002-11-01,1158.27,1182.44,1134.14,1150.24,816421
2002-11-05,1174.4,1214.57,1166.33,1206.53,812193
2002-11-06,1206.53,1278.89,1190.5,1270.93,1292080
2002-11-07,1246.78,1278.89,1238.74,1238.74,554105
2002-11-08,1222.62,1278.89,1222.62,1254.83,842281
2002-11-11,1238.74,1246.78,1222.62,1222.62,422820
2002-11-12,1206.53,1222.62,1198.48,1206.53,366004
2002-11-13,1198.48,1206.53,1166.33,1166.33,273509
2002-11-14,1166.33,1190.5,1134.14,1142.19,319881
2002-11-15,1142.19,1166.33,1061.76,1085.92,1053504
2002-11-18,1093.96,1093.96,1021.57,1037.6,736111
2002-11-19,1005.48,1045.65,957.16,1045.65,824503
2002-11-20,1053.71,1069.8,1021.57,1045.65,663507
2002-11-21,1077.85,1126.08,1069.8,1109.99,640632
2002-11-22,1150.24,1150.24,1102.01,1118.03,316897
2002-11-25,1142.19,1222.62,1126.08,1198.48,1066684
2002-11-26,1206.53,1206.53,1142.19,1166.33,488835
2002-11-27,1126.08,1166.33,1126.08,1150.24,430029
2002-11-28,1190.5,1198.48,1166.33,1198.48,442461
2002-11-29,1206.53,1214.57,1182.44,1198.48,564051
2002-12-02,1182.44,1198.48,1166.33,1190.5,270402
2002-12-03,1174.4,1214.57,1174.4,1214.57,477646
2002-12-04,1198.48,1198.48,1150.24,1182.44,572005
2002-12-05,1166.33,1182.44,1158.27,1182.44,230867
2002-12-06,1166.33,1198.48,1158.27,1198.48,445446
2002-12-09,1182.44,1222.62,1182.44,1198.48,621734
2002-12-10,1174.4,1262.88,1174.4,1238.74,1043934
2002-12-11,1262.88,1303.06,1246.78,1270.93,1866572
2002-12-12,1254.83,1262.88,1238.74,1246.78,523395
2002-12-13,1286.96,1327.21,1246.78,1254.83,2140453
2002-12-16,1230.68,1270.93,1214.57,1238.74,493309
2002-12-17,1246.78,1254.83,1182.44,1182.44,596000
2002-12-18,1198.48,1198.48,1158.27,1166.33,430529
2002-12-19,1142.19,1182.44,1134.14,1174.4,457630
2002-12-20,1166.33,1190.5,1158.27,1174.4,316274
2002-12-24,1190.5,1190.5,1158.27,1174.4,457007
2002-12-25,1174.4,1174.4,1150.24,1174.4,165970
2002-12-26,1166.33,1230.68,1166.33,1230.68,300985
2002-12-27,1222.62,1222.62,1198.48,1222.62,231365
2002-12-30,1206.53,1214.57,1190.5,1214.57,91624
2003-01-06,1222.62,1238.74,1206.53,1206.53,168581
2003-01-07,1222.62,1230.68,1166.33,1198.48,468943
2003-01-08,1166.33,1182.44,1158.27,1166.33,336042
2003-01-09,1150.24,1174.4,1142.19,1174.4,236088
2003-01-10,1166.33,1174.4,1150.24,1158.27,244914
2003-01-14,1166.33,1198.48,1158.27,1182.44,455889
2003-01-15,1174.4,1198.48,1166.33,1190.5,346360
2003-01-16,1174.4,1238.74,1174.4,1230.68,995074
2003-01-17,1222.62,1230.68,1206.53,1222.62,422323
2003-01-20,1214.57,1230.68,1182.44,1206.53,561937
2003-01-21,1198.48,1230.68,1182.44,1214.57,514694
2003-01-22,1222.62,1230.68,1190.5,1190.5,394349
2003-01-23,1198.48,1262.88,1182.44,1262.88,1093538
2003-01-24,1246.78,1270.93,1230.68,1238.74,900839
2003-01-27,1270.93,1278.89,1246.78,1254.83,1082226
2003-01-28,1238.74,1262.88,1230.68,1246.78,784097
2003-01-29,1254.83,1254.83,1222.62,1222.62,655924
2003-01-30,1230.68,1270.93,1222.62,1254.83,661394
2003-01-31,1254.83,1278.89,1238.74,1254.83,668356
2003-02-03,1262.88,1286.96,1254.83,1286.96,623848
2003-02-04,1286.96,1295,1270.93,1278.89,395965
2003-02-05,1270.93,1311.11,1262.88,1303.06,897979
2003-02-06,1311.11,1327.21,1286.96,1311.11,406409
2003-02-07,1303.06,1359.34,1303.06,1359.34,1323905
2003-02-10,1359.34,1391.53,1343.3,1375.44,1476946
2003-02-12,1415.7,1455.87,1391.53,1431.8,3039922
2003-02-13,1423.75,1423.75,1375.44,1391.53,997064
2003-02-14,1407.66,1431.8,1391.53,1407.66,936147
2003-02-17,1423.75,1463.93,1415.7,1455.87,730518
2003-02-18,1447.81,1447.81,1407.66,1423.75,579091
2003-02-19,1431.8,1439.77,1375.44,1391.53,1408693
2003-02-20,1367.38,1391.53,1351.38,1383.49,765576
2003-02-21,1375.44,1383.49,1343.3,1351.38,417969
2003-02-24,1335.26,1383.49,1335.26,1359.34,336789
2003-02-25,1335.26,1359.34,1319.15,1335.26,491819
2003-02-26,1335.26,1343.3,1303.06,1311.11,419463
2003-02-27,1311.11,1343.3,1278.89,1335.26,513822
2003-02-28,1351.38,1367.38,1335.26,1343.3,566909
2003-03-03,1343.3,1383.49,1327.21,1375.44,415981
2003-03-04,1375.44,1399.6,1359.34,1391.53,540925
2003-03-05,1375.44,1415.7,1367.38,1407.66,704408
2003-03-06,1391.53,1423.75,1375.44,1399.6,923962
2003-03-07,1375.44,1383.49,1319.15,1335.26,775644
2003-03-10,1295,1311.11,1214.57,1238.74,1087318
2003-03-11,1214.57,1222.62,1182.44,1214.57,1159429
2003-03-12,1222.62,1246.78,1214.57,1230.68,522277
2003-03-13,1222.62,1246.78,1214.57,1230.68,428788
2003-03-14,1230.68,1246.78,1198.48,1206.53,993706
2003-03-17,1190.5,1198.48,1150.24,1166.33,466457
2003-03-18,1190.5,1222.62,1190.5,1206.53,327714
2003-03-19,1198.48,1238.74,1190.5,1238.74,369114
2003-03-20,1246.78,1278.89,1238.74,1254.83,591027
2003-03-24,1303.06,1327.21,1295,1327.21,624967
2003-03-25,1270.93,1295,1262.88,1278.89,500768
2003-03-26,1311.11,1343.3,1295,1343.3,720321
2003-03-27,1343.3,1343.3,1303.06,1311.11,258466
2003-03-28,1303.06,1303.06,1262.88,1278.89,310557
2003-03-31,1246.78,1262.88,1222.62,1230.68,300486
2003-04-01,1214.57,1222.62,1158.27,1158.27,1022052
2003-04-02,1198.48,1214.57,1174.4,1198.48,963247
2003-04-03,1238.74,1246.78,1214.57,1222.62,670841
2003-04-04,1214.57,1222.62,1198.48,1214.57,204137
2003-04-07,1230.68,1246.78,1206.53,1246.78,204137
2003-04-08,1230.68,1230.68,1206.53,1222.62,302973
2003-04-09,1222.62,1246.78,1206.53,1238.74,380674
2003-04-10,1238.74,1278.89,1230.68,1262.88,788822
2003-04-11,1270.93,1295,1262.88,1295,883310
2003-04-14,1270.93,1286.96,1246.78,1278.89,638268
2003-04-15,1278.89,1303.06,1270.93,1286.96,607067
2003-04-16,1311.11,1335.26,1278.89,1335.26,1034858
2003-04-17,1335.26,1351.38,1319.15,1343.3,966853
2003-04-18,1343.3,1343.3,1311.11,1327.21,600229
2003-04-21,1319.15,1367.38,1311.11,1367.38,671465
2003-04-22,1367.38,1367.38,1319.15,1327.21,338279
2003-04-23,1351.38,1375.44,1327.21,1359.34,786585
2003-04-24,1367.38,1391.53,1343.3,1351.38,750035
2003-04-25,1359.34,1367.38,1327.21,1351.38,696576
2003-04-28,1351.38,1383.49,1343.3,1367.38,857199
2003-04-30,1391.53,1471.98,1391.53,1455.87,2116458
2003-05-01,1447.81,1480.01,1439.77,1455.87,1075261
2003-05-02,1455.87,1504.18,1439.77,1504.18,1366796
2003-05-06,1512.24,1528.26,1488.08,1496.12,724798
2003-05-07,1488.08,1504.18,1455.87,1463.93,572255
2003-05-08,1463.93,1504.18,1455.87,1480.01,676311
2003-05-09,1488.08,1504.18,1480.01,1504.18,433138
2003-05-12,1520.23,1584.61,1512.24,1576.58,1025036
2003-05-13,1568.51,1592.67,1544.37,1568.51,713610
2003-05-14,1544.37,1568.51,1536.31,1544.37,327714
2003-05-15,1552.41,1584.61,1552.41,1560.47,741953
2003-05-16,1568.51,1584.61,1552.41,1576.58,392983
2003-05-19,1560.47,1560.47,1520.23,1536.31,373587
2003-05-20,1512.24,1536.31,1504.18,1512.24,482245
2003-05-21,1512.24,1552.41,1512.24,1536.31,230368
2003-05-22,1528.26,1536.31,1504.18,1520.23,187849
2003-05-23,1536.31,1576.58,1520.23,1560.47,585433
2003-05-26,1576.58,1616.74,1568.51,1584.61,848500
2003-05-27,1600.72,1600.72,1560.47,1568.51,332063
2003-05-28,1584.61,1600.72,1568.51,1568.51,361155
2003-05-29,1568.51,1568.51,1520.23,1552.41,453775
2003-05-30,1544.37,1592.67,1544.37,1592.67,380674
2003-06-02,1592.67,1600.72,1560.47,1568.51,400690
2003-06-03,1536.31,1536.31,1439.77,1512.24,1043063
2003-06-04,1488.08,1520.23,1480.01,1488.08,737354
2003-06-05,1480.01,1496.12,1455.87,1480.01,697445
2003-06-06,1488.08,1560.47,1488.08,1544.37,1011234
2003-06-09,1584.61,1592.67,1560.47,1568.51,508477
2003-06-10,1536.31,1560.47,1536.31,1552.41,184120
2003-06-11,1576.58,1592.67,1560.47,1560.47,505368
2003-06-12,1560.47,1576.58,1536.31,1544.37,349220
2003-06-13,1528.26,1560.47,1520.23,1528.26,718333
2003-06-16,1504.18,1520.23,1496.12,1512.24,267539
2003-06-17,1544.37,1560.47,1520.23,1536.31,457133
2003-06-18,1528.26,1560.47,1512.24,1544.37,473047
2003-06-19,1536.31,1592.67,1528.26,1584.61,754261
2003-06-20,1576.58,1640.89,1568.51,1624.8,1818831
2003-06-23,1640.89,1656.99,1632.85,1648.95,853099
2003-06-24,1640.89,1656.99,1592.67,1616.74,632427
2003-06-25,1616.74,1689.13,1600.72,1673.1,806726
2003-06-26,1737.44,1753.54,1665.06,1673.1,1977343
2003-06-27,1697.18,1721.34,1673.1,1689.13,628323
2003-06-30,1673.1,1697.18,1665.06,1681.15,610049
2003-07-01,1689.13,1689.13,1656.99,1673.1,483488
2003-07-02,1681.15,1705.22,1673.1,1697.18,628945
2003-07-03,1697.18,1713.28,1640.89,1673.1,944848
2003-07-04,1632.85,1648.95,1608.7,1640.89,654930
2003-07-07,1656.99,1673.1,1640.89,1665.06,379804
2003-07-08,1689.13,1697.18,1656.99,1681.15,509225
2003-07-09,1681.15,1761.6,1665.06,1745.48,1801801
2003-07-10,1721.34,1729.39,1681.15,1697.18,802995
2003-07-11,1681.15,1681.15,1624.8,1624.8,611293
2003-07-14,1648.95,1713.28,1640.89,1673.1,702172
2003-07-15,1697.18,1697.18,1632.85,1632.85,824255
2003-07-16,1632.85,1632.85,1568.51,1600.72,535704
2003-07-17,1568.51,1592.67,1552.41,1568.51,551741
2003-07-18,1544.37,1584.61,1536.31,1560.47,346734
2003-07-22,1576.58,1600.72,1560.47,1568.51,359787
2003-07-23,1584.61,1600.72,1560.47,1584.61,531478
2003-07-24,1592.67,1640.89,1592.67,1624.8,617506
2003-07-25,1737.44,1777.62,1713.28,1713.28,3308086
2003-07-28,1753.54,1777.62,1729.39,1769.55,1502929
2003-07-29,1761.6,1761.6,1729.39,1745.48,837808
2003-07-30,1745.48,1793.71,1737.44,1769.55,1358965
2003-07-31,1753.54,1753.54,1697.18,1713.28,614772
2003-08-01,1721.34,1729.39,1697.18,1713.28,432018
2003-08-04,1713.28,1713.28,1681.15,1697.18,315033
2003-08-05,1689.13,1697.18,1632.85,1656.99,492812
2003-08-06,1616.74,1632.85,1584.61,1600.72,786958
2003-08-07,1608.7,1665.06,1600.72,1624.8,663134
2003-08-08,1632.85,1648.95,1624.8,1632.85,370727
2003-08-11,1632.85,1665.06,1624.8,1656.99,366749
2003-08-12,1665.06,1705.22,1656.99,1673.1,999301
2003-08-13,1769.55,1769.55,1729.39,1737.44,949199
2003-08-14,1737.44,1777.62,1705.22,1761.6,716964
2003-08-15,1777.62,1785.66,1753.54,1769.55,525633
2003-08-18,1769.55,1809.82,1761.6,1793.71,831963
2003-08-19,1793.71,1825.93,1777.62,1793.71,917125
2003-08-20,1785.66,1801.75,1753.54,1785.66,689613
2003-08-21,1793.71,1866.1,1785.66,1866.1,1414165
2003-08-22,1866.1,1874.16,1817.87,1858.05,890893
2003-08-25,1825.93,1858.05,1809.82,1833.97,330822
2003-08-26,1825.93,1874.16,1801.75,1850,433260
2003-08-27,1874.16,1890.25,1817.87,1833.97,696079
2003-08-28,1866.1,1866.1,1817.87,1817.87,336290
2003-08-29,1817.87,1825.93,1785.66,1785.66,317394
2003-09-01,1825.93,1874.16,1809.82,1874.16,543413
2003-09-02,1866.1,1866.1,1833.97,1833.97,385397
2003-09-03,1850,1866.1,1825.93,1825.93,361527
2003-09-04,1842.03,1858.05,1809.82,1809.82,290913
2003-09-05,1817.87,1833.97,1801.75,1801.75,287557
2003-09-08,1769.55,1817.87,1769.55,1801.75,309064
2003-09-09,1801.75,1825.93,1793.71,1801.75,485727
2003-09-10,1801.75,1833.97,1793.71,1801.75,537818
2003-09-11,1785.66,1801.75,1769.55,1785.66,428413
2003-09-12,1809.82,1842.03,1793.71,1825.93,1167260
2003-09-16,1817.87,1825.93,1793.71,1801.75,404420
2003-09-17,1842.03,1850,1801.75,1801.75,497042
2003-09-18,1801.75,1833.97,1793.71,1809.82,499774
2003-09-19,1817.87,1817.87,1721.34,1753.54,786214
2003-09-22,1729.39,1737.44,1665.06,1697.18,575861
2003-09-24,1681.15,1729.39,1665.06,1729.39,464714
2003-09-25,1648.95,1681.15,1632.85,1665.06,369984
2003-09-26,1648.95,1673.1,1624.8,1648.95,362276
2003-09-29,1673.1,1673.1,1576.58,1592.67,534088
2003-09-30,1616.74,1705.22,1608.7,1697.18,601595
2003-10-01,1705.22,1721.34,1681.15,1697.18,572503
2003-10-02,1721.34,1753.54,1697.18,1721.34,734618
2003-10-03,1729.39,1737.44,1705.22,1737.44,621237
2003-10-06,1737.44,1777.62,1729.39,1745.48,851107
2003-10-07,1753.54,1785.66,1729.39,1753.54,868267
2003-10-08,1737.44,1753.54,1721.34,1745.48,403301
2003-10-09,1721.34,1737.44,1705.22,1721.34,354194
2003-10-10,1729.39,1745.48,1713.28,1721.34,609799
2003-10-14,1737.44,1753.54,1705.22,1713.28,428041
2003-10-15,1705.22,1713.28,1673.1,1697.18,923091
2003-10-16,1697.18,1705.22,1673.1,1681.15,440846
2003-10-17,1689.13,1777.62,1689.13,1729.39,975306
2003-10-20,1745.48,1769.55,1697.18,1753.54,932168
2003-10-21,1761.6,1777.62,1705.22,1721.34,797029
2003-10-22,1721.34,1721.34,1673.1,1673.1,590405
2003-10-23,1616.74,1656.99,1600.72,1608.7,1104724
2003-10-24,1632.85,1656.99,1616.74,1632.85,454521
2003-10-27,1648.95,1648.95,1616.74,1616.74,420582
2003-10-28,1656.99,1681.15,1640.89,1665.06,667982
2003-10-29,1673.1,1689.13,1648.95,1665.06,450915
2003-10-30,1689.13,1809.82,1689.13,1737.44,3589801
2003-10-31,1753.54,1753.54,1705.22,1713.28,632922
2003-11-04,1753.54,1753.54,1721.34,1721.34,550748
2003-11-05,1785.66,1858.05,1777.62,1850,4800948
2003-11-06,1882.21,1954.58,1833.97,1842.03,5283936
2003-11-07,1866.1,1882.21,1825.93,1858.05,904442
2003-11-10,1842.03,1874.16,1809.82,1858.05,662139
2003-11-11,1833.97,1866.1,1817.87,1858.05,1123001
2003-11-12,1842.03,1946.53,1833.97,1890.25,2277829
2003-11-13,1930.53,1946.53,1874.16,1874.16,1173351
2003-11-14,1882.21,1898.31,1825.93,1825.93,641255
2003-11-17,1809.82,1817.87,1769.55,1793.71,745311
2003-11-18,1785.66,1850,1777.62,1809.82,1054251
2003-11-19,1785.66,1817.87,1761.6,1785.66,817419
2003-11-20,1777.62,1801.75,1761.6,1777.62,632427
2003-11-21,1785.66,1817.87,1785.66,1793.71,586178
2003-11-25,1842.03,1866.1,1793.71,1793.71,550872
2003-11-26,1809.82,1874.16,1801.75,1858.05,777137
2003-11-27,1850,1866.1,1825.93,1825.93,424808
2003-11-28,1833.97,1874.16,1825.93,1842.03,502636
2003-12-01,1825.93,1938.48,1809.82,1914.4,1107835
2003-12-02,1914.4,1930.53,1874.16,1898.31,843027
2003-12-03,1882.21,1938.48,1874.16,1930.53,623600
2003-12-04,1938.48,1994.84,1930.53,1970.68,1854264
2003-12-05,1994.84,2018.91,1970.68,2002.89,2116086
2003-12-08,1962.62,1970.68,1898.31,1898.31,464714
2003-12-09,1962.62,1986.79,1922.45,1954.58,736856
2003-12-10,1914.4,1930.53,1874.16,1922.45,863541
2003-12-11,1898.31,1914.4,1833.97,1858.05,1135806
2003-12-12,1858.05,1882.21,1842.03,1858.05,1285367
2003-12-15,1898.31,1906.34,1866.1,1882.21,1036973
2003-12-16,1842.03,1922.45,1817.87,1922.45,1045797
2003-12-17,1922.45,1922.45,1874.16,1890.25,459122
2003-12-18,1898.31,1898.31,1858.05,1866.1,252996
2003-12-19,1866.1,1898.31,1842.03,1858.05,1073025
2003-12-22,1874.16,1906.34,1866.1,1898.31,1392036
2003-12-24,1882.21,1890.25,1842.03,1866.1,615642
2003-12-25,1858.05,1890.25,1842.03,1882.21,288926
2003-12-26,1882.21,1882.21,1858.05,1882.21,385151
2003-12-29,1898.31,1946.53,1898.31,1930.53,953427
2003-12-30,1962.62,1962.62,1930.53,1938.48,667734
2004-01-05,1962.62,1978.74,1954.58,1970.68,330571
2004-01-06,1978.74,2010.93,1954.58,1962.62,1119397
2004-01-07,1978.74,1978.74,1946.53,1962.62,687003
2004-01-08,1954.58,2002.89,1946.53,1970.68,829352
2004-01-09,1978.74,2018.91,1954.58,1970.68,1718752
2004-01-13,1986.79,2002.89,1954.58,1962.62,395344
2004-01-14,1954.58,1962.62,1930.53,1946.53,500149
2004-01-15,1962.62,1962.62,1930.53,1930.53,467576
2004-01-16,1914.4,1930.53,1898.31,1906.34,436245
2004-01-19,1930.53,1978.74,1922.45,1962.62,487466
2004-01-20,1970.68,1970.68,1938.48,1938.48,387015
2004-01-21,1922.45,1954.58,1906.34,1930.53,450915
2004-01-22,1930.53,1962.62,1906.34,1922.45,546147
2004-01-23,1906.34,1914.4,1866.1,1898.31,1065440
2004-01-26,1914.4,1930.53,1882.21,1898.31,644860
2004-01-27,1906.34,1906.34,1866.1,1874.16,509720
2004-01-28,1793.71,1825.93,1777.62,1825.93,988238
2004-01-29,1817.87,1858.05,1809.82,1842.03,652067
2004-01-30,1866.1,1866.1,1833.97,1866.1,309189
2004-02-02,1882.21,1882.21,1850,1850,299368
2004-02-03,1850,1850,1793.71,1825.93,505368
2004-02-04,1825.93,1825.93,1793.71,1809.82,496169
2004-02-05,1777.62,1801.75,1745.48,1777.62,785342
2004-02-06,1777.62,1801.75,1761.6,1793.71,480505
2004-02-09,1817.87,1850,1793.71,1801.75,779626
2004-02-10,1793.71,1809.82,1761.6,1769.55,411877
2004-02-12,1777.62,1785.66,1729.39,1737.44,443084
2004-02-13,1721.34,1737.44,1697.18,1729.39,828981
2004-02-16,1729.39,1753.54,1713.28,1737.44,428041
2004-02-17,1737.44,1793.71,1721.34,1785.66,613903
2004-02-18,1833.97,1858.05,1801.75,1801.75,871002
2004-02-19,1817.87,1817.87,1785.66,1785.66,316525
2004-02-20,1793.71,1817.87,1777.62,1777.62,288301
2004-02-23,1793.71,1809.82,1777.62,1809.82,239196
2004-02-24,1809.82,1817.87,1761.6,1769.55,307695
2004-02-25,1777.62,1777.62,1753.54,1753.54,295513
2004-02-26,1761.6,1769.55,1729.39,1753.54,581453
2004-02-27,1753.54,1777.62,1745.48,1761.6,480257
2004-03-01,1801.75,1842.03,1793.71,1842.03,992713
2004-03-02,1866.1,1866.1,1817.87,1833.97,764581
2004-03-03,1858.05,1882.21,1850,1866.1,1005268
2004-03-04,1882.21,1898.31,1874.16,1882.21,633919
2004-03-05,1850,1874.16,1825.93,1866.1,721068
2004-03-08,1866.1,1890.25,1858.05,1874.16,607191
2004-03-09,1866.1,1866.1,1833.97,1858.05,855958
2004-03-10,1858.05,1858.05,1825.93,1825.93,457133
2004-03-11,1809.82,1825.93,1801.75,1809.82,449798
2004-03-12,1777.62,1809.82,1777.62,1801.75,859191
2004-03-15,1825.93,1833.97,1809.82,1809.82,371475
2004-03-16,1850,1850,1817.87,1817.87,661642
2004-03-17,1817.87,1833.97,1809.82,1825.93,482618
2004-03-18,1833.97,1850,1809.82,1825.93,829229
2004-03-19,1809.82,1825.93,1801.75,1809.82,550497
2004-03-22,1801.75,1809.82,1777.62,1801.75,402181
2004-03-23,1777.62,1793.71,1769.55,1793.71,392483
2004-03-24,1801.75,1825.93,1785.66,1825.93,602965
2004-03-25,1842.03,1866.1,1842.03,1866.1,986744
2004-03-26,1890.25,1922.45,1890.25,1922.45,1300409
2004-03-29,1930.53,1954.58,1914.4,1946.53,751530
2004-03-30,1962.62,1962.62,1930.53,1938.48,585557
2004-03-31,1930.53,1946.53,1898.31,1914.4,710253
2004-04-01,1930.53,1954.58,1914.4,1930.53,708759
2004-04-02,1930.53,1986.79,1922.45,1978.74,1390294
2004-04-05,2002.89,2059.17,2002.89,2026.97,2437334
2004-04-06,2043.08,2051.13,2010.93,2043.08,745311
2004-04-07,2035.03,2035.03,1986.79,2002.89,812321
2004-04-08,2010.93,2043.08,2002.89,2035.03,753517
2004-04-09,2002.89,2018.91,1946.53,1978.74,966355
2004-04-12,1970.68,2010.93,1970.68,1994.84,409020
2004-04-13,2010.93,2026.97,2002.89,2018.91,367000
2004-04-14,2010.93,2043.08,1994.84,2043.08,432392
2004-04-15,2043.08,2075.27,1994.84,2010.93,1091050
2004-04-16,2018.91,2035.03,1978.74,1994.84,888530
2004-04-19,1994.84,2018.91,1978.74,1994.84,337536
2004-04-20,1978.74,2002.89,1954.58,1994.84,637897
2004-04-21,1994.84,2018.91,1978.74,1994.84,544157
2004-04-22,2018.91,2067.22,2010.93,2051.13,1288224
2004-04-23,2083.33,2139.61,2075.27,2107.39,3333199
2004-04-26,2147.66,2179.78,2123.49,2139.61,1435050
2004-04-27,2147.66,2147.66,2107.39,2123.49,553980
2004-04-28,2123.49,2123.49,2083.33,2083.33,408771
2004-04-30,2010.93,2035.03,1986.79,2018.91,870255
2004-05-06,2026.97,2043.08,1970.68,1970.68,739715
2004-05-07,1938.48,1970.68,1914.4,1922.45,724053
2004-05-10,1898.31,1898.31,1777.62,1809.82,868762
2004-05-11,1801.75,1850,1785.66,1817.87,961755
2004-05-12,1898.31,1938.48,1874.16,1930.53,861800
2004-05-13,1938.48,1970.68,1898.31,1914.4,662262
2004-05-14,1890.25,1898.31,1825.93,1858.05,835692
2004-05-17,1850,1866.1,1785.66,1801.75,469938
2004-05-18,1793.71,1850,1793.71,1842.03,749412
2004-05-19,1858.05,1890.25,1833.97,1890.25,509969
2004-05-20,1866.1,1914.4,1850,1882.21,421203
2004-05-21,1906.34,1930.53,1890.25,1922.45,389751
2004-05-24,1922.45,1930.53,1890.25,1906.34,352703
2004-05-25,1898.31,1898.31,1866.1,1882.21,197425
2004-05-26,1914.4,1930.53,1882.21,1906.34,368117
2004-05-27,1930.53,1962.62,1906.34,1914.4,549254
2004-05-28,1930.53,1938.48,1898.31,1906.34,471925
2004-05-31,1930.53,2035.03,1914.4,1970.68,1271069
2004-06-01,2002.89,2067.22,2002.89,2051.13,1831888
2004-06-02,2075.27,2115.45,2051.13,2059.17,2352174
2004-06-03,2099.35,2099.35,2043.08,2051.13,1268708
2004-06-04,2035.03,2051.13,2026.97,2043.08,377567
2004-06-07,2083.33,2107.39,2075.27,2083.33,532594
2004-06-08,2091.38,2091.38,2067.22,2083.33,258716
2004-06-09,2083.33,2083.33,2059.17,2067.22,272763
2004-06-10,2035.03,2083.33,2035.03,2067.22,551370
2004-06-11,2083.33,2083.33,2067.22,2067.22,640632
2004-06-14,2083.33,2099.35,2067.22,2075.27,425181
2004-06-15,2067.22,2083.33,2035.03,2067.22,313416
2004-06-16,2083.33,2139.61,2067.22,2131.55,1310604
2004-06-17,2115.45,2139.61,2099.35,2123.49,573373
2004-06-18,2075.27,2091.38,2051.13,2067.22,775025
2004-06-21,2107.39,2155.72,2099.35,2115.45,663507
2004-06-22,2107.39,2115.45,2091.38,2099.35,146450
2004-06-23,2123.49,2131.55,2091.38,2099.35,263936
2004-06-24,2115.45,2123.49,2091.38,2107.39,438857
2004-06-25,2115.45,2115.45,2067.22,2083.33,419091
2004-06-28,2067.22,2091.38,2059.17,2091.38,377813
2004-06-29,2115.45,2171.8,2091.38,2155.72,917620
2004-06-30,2163.77,2220.05,2163.77,2195.9,1283127
2004-07-01,2179.78,2187.84,2147.66,2171.8,679544
2004-07-02,2139.61,2179.78,2123.49,2163.77,525884
2004-07-05,2163.77,2163.77,2115.45,2123.49,335546
2004-07-06,2099.35,2139.61,2083.33,2091.38,476401
2004-07-07,2051.13,2075.27,2043.08,2067.22,417722
2004-07-08,2059.17,2083.33,2051.13,2067.22,256725
2004-07-09,2067.22,2091.38,2051.13,2067.22,476652
2004-07-12,2067.22,2115.45,2067.22,2099.35,374582
2004-07-13,2083.33,2107.39,2075.27,2099.35,348350
2004-07-14,2099.35,2107.39,2002.89,2002.89,531850
2004-07-15,2018.91,2043.08,1970.68,1994.84,1073025
2004-07-16,2002.89,2018.91,1986.79,2010.93,441590
2004-07-20,1978.74,1978.74,1954.58,1970.68,421947
2004-07-21,1978.74,1994.84,1970.68,1986.79,753019
2004-07-22,1962.62,1970.68,1938.48,1946.53,860682
2004-07-23,1954.58,1970.68,1938.48,1938.48,637525
2004-07-26,1970.68,1978.74,1930.53,1946.53,843278
2004-07-27,1938.48,1946.53,1882.21,1898.31,499774
2004-07-28,1938.48,1986.79,1930.53,1970.68,471925
2004-07-29,1986.79,2002.89,1962.62,1978.74,690735
2004-07-30,1994.84,2010.93,1978.74,2002.89,344125
2004-08-02,2002.89,2010.93,1978.74,1978.74,380551
2004-08-03,1994.84,2010.93,1978.74,2002.89,354817
2004-08-04,1978.74,1986.79,1938.48,1970.68,424930
2004-08-05,1978.74,1994.84,1954.58,1978.74,270898
2004-08-06,1970.68,1986.79,1946.53,1986.79,496293
2004-08-09,1954.58,1986.79,1938.48,1986.79,377192
2004-08-10,1962.62,2002.89,1954.58,1994.84,380053
2004-08-11,1994.84,2026.97,1978.74,2010.93,522154
2004-08-12,2002.89,2035.03,1978.74,1986.79,361901
2004-08-13,1970.68,1970.68,1938.48,1938.48,334428
2004-08-16,1930.53,1930.53,1882.21,1922.45,342632
2004-08-17,1946.53,1946.53,1914.4,1930.53,316648
2004-08-18,1914.4,1922.45,1890.25,1922.45,273012
2004-08-19,1930.53,1994.84,1922.45,1978.74,369984
2004-08-20,1986.79,2035.03,1970.68,2018.91,496667
2004-08-23,2026.97,2067.22,2018.91,2059.17,627083
2004-08-24,2051.13,2059.17,2018.91,2051.13,350714
2004-08-25,2051.13,2123.49,2035.03,2099.35,680291
2004-08-26,2115.45,2115.45,2075.27,2083.33,290167
2004-08-27,2091.38,2099.35,2067.22,2075.27,580708
2004-08-30,2051.13,2067.22,2051.13,2067.22,290043
2004-08-31,2035.03,2051.13,2010.93,2035.03,520785
2004-09-01,2043.08,2059.17,2035.03,2059.17,880945
2004-09-02,2059.17,2059.17,2026.97,2035.03,548382
2004-09-03,2035.03,2051.13,2026.97,2026.97,392113
2004-09-06,2026.97,2099.35,2026.97,2099.35,1110073
2004-09-07,2107.39,2107.39,2083.33,2083.33,455267
2004-09-08,2107.39,2147.66,2099.35,2131.55,908421
2004-09-09,2155.72,2179.78,2123.49,2139.61,1145132
2004-09-10,2115.45,2139.61,2067.22,2099.35,870005
2004-09-13,2091.38,2131.55,2091.38,2115.45,289297
2004-09-14,2139.61,2220.05,2131.55,2203.94,1230291
2004-09-15,2203.94,2236.13,2131.55,2139.61,1644781
2004-09-16,2123.49,2147.66,2115.45,2131.55,320254
2004-09-17,2123.49,2131.55,2099.35,2115.45,540303
2004-09-21,2131.55,2147.66,2107.39,2115.45,419712
2004-09-22,2123.49,2139.61,2099.35,2115.45,309314
2004-09-24,2131.55,2139.61,2099.35,2123.49,355190
2004-09-27,2131.55,2147.66,2107.39,2115.45,517304
2004-09-28,2131.55,2155.72,2115.45,2139.61,560319
2004-09-29,2139.61,2155.72,2091.38,2107.39,539060
2004-09-30,2131.55,2155.72,2115.45,2115.45,649955
2004-10-01,2123.49,2147.66,2123.49,2147.66,447685
2004-10-04,2163.77,2187.84,2163.77,2171.8,571510
2004-10-05,2155.72,2179.78,2155.72,2179.78,301233
2004-10-06,2171.8,2220.05,2163.77,2212,1231162
2004-10-07,2212,2212,2171.8,2179.78,310060
2004-10-08,2155.72,2187.84,2155.72,2187.84,276866
2004-10-12,2195.9,2212,2155.72,2171.8,375950
2004-10-13,2155.72,2171.8,2139.61,2139.61,563551
2004-10-14,2107.39,2107.39,2043.08,2051.13,897979
2004-10-15,2051.13,2099.35,2051.13,2099.35,349967
2004-10-18,2091.38,2091.38,2067.22,2091.38,226889
2004-10-19,2091.38,2091.38,2059.17,2067.22,398575
2004-10-20,2059.17,2067.22,2026.97,2035.03,408771
2004-10-21,2043.08,2075.27,2035.03,2059.17,506238
2004-10-22,2067.22,2083.33,2051.13,2075.27,313292
2004-10-25,2075.27,2083.33,2026.97,2043.08,641752
2004-10-26,2075.27,2091.38,2043.08,2059.17,740462
2004-10-27,2075.27,2083.33,2059.17,2059.17,277114
2004-10-28,2075.27,2091.38,2067.22,2075.27,297005
2004-10-29,2075.27,2075.27,2035.03,2059.17,344248
2004-11-01,2043.08,2051.13,2010.93,2026.97,231489
2004-11-02,2026.97,2051.13,2026.97,2043.08,310309
2004-11-04,2083.33,2131.55,2067.22,2107.39,745684
2004-11-05,2139.61,2147.66,2115.45,2115.45,317144
2004-11-08,2123.49,2131.55,2107.39,2115.45,104057
2004-11-09,2107.39,2115.45,2099.35,2107.39,92123
2004-11-10,2107.39,2107.39,2091.38,2099.35,138866
2004-11-11,2091.38,2099.35,2043.08,2051.13,159878
2004-11-12,2051.13,2075.27,2043.08,2067.22,323735
2004-11-15,2067.22,2091.38,2059.17,2083.33,248645
2004-11-16,2083.33,2115.45,2083.33,2099.35,251256
2004-11-17,2099.35,2115.45,2091.38,2099.35,335420
2004-11-18,2107.39,2107.39,2059.17,2059.17,257347
2004-11-19,2091.38,2091.38,2051.13,2051.13,183002
2004-11-22,2035.03,2035.03,1962.62,1986.79,887909
2004-11-24,1986.79,2002.89,1970.68,1994.84,401436
2004-11-25,1994.84,2002.89,1978.74,1986.79,151424
2004-11-26,1994.84,2010.93,1978.74,1986.79,273509
2004-11-29,2010.93,2035.03,1994.84,2026.97,316153
2004-11-30,2026.97,2026.97,2002.89,2018.91,364885
2004-12-01,1994.84,2010.93,1986.79,1994.84,361405
2004-12-02,2018.91,2026.97,2010.93,2018.91,263688
2004-12-03,2035.03,2067.22,2026.97,2051.13,478641
2004-12-06,2067.22,2067.22,2043.08,2051.13,450544
2004-12-07,2051.13,2059.17,2018.91,2018.91,140732
2004-12-08,2002.89,2035.03,1970.68,2026.97,664502
2004-12-09,2026.97,2026.97,1986.79,1994.84,303096
2004-12-10,2010.93,2043.08,2002.89,2002.89,1054502
2004-12-13,2018.91,2026.97,2002.89,2002.89,230494
2004-12-14,2002.89,2035.03,1986.79,2026.97,424187
2004-12-15,2026.97,2026.97,2010.93,2010.93,308195
2004-12-16,2010.93,2026.97,2002.89,2002.89,350960
2004-12-17,2010.93,2051.13,2010.93,2035.03,355313
2004-12-20,2026.97,2075.27,2026.97,2067.22,546768
2004-12-21,2067.22,2107.39,2067.22,2107.39,505867
2004-12-22,2115.45,2123.49,2099.35,2115.45,428413
2004-12-24,2131.55,2131.55,2115.45,2123.49,250136
2004-12-27,2115.45,2131.55,2099.35,2131.55,247526
2004-12-28,2107.39,2131.55,2107.39,2115.45,126560
2004-12-29,2115.45,2123.49,2099.35,2099.35,229871
2004-12-30,2107.39,2123.49,2091.38,2123.49,86030
2005-01-04,2107.39,2115.45,2099.35,2099.35,84662
2005-01-05,2091.38,2099.35,2083.33,2091.38,341388
2005-01-06,2083.33,2107.39,2075.27,2099.35,365134
2005-01-07,2099.35,2115.45,2075.27,2083.33,340146
2005-01-11,2075.27,2091.38,2059.17,2067.22,705777
2005-01-12,2067.22,2083.33,2051.13,2075.27,800882
2005-01-13,2075.27,2075.27,2051.13,2051.13,226763
2005-01-14,2043.08,2051.13,2035.03,2051.13,802995
2005-01-17,2043.08,2051.13,2035.03,2035.03,677057
2005-01-18,2043.08,2067.22,2026.97,2043.08,668356
2005-01-19,2043.08,2051.13,2035.03,2051.13,382042
2005-01-20,2035.03,2043.08,2026.97,2026.97,346111
2005-01-21,2035.03,2051.13,2035.03,2043.08,352824
2005-01-24,2051.13,2059.17,2018.91,2026.97,799764
2005-01-25,2026.97,2026.97,2010.93,2018.91,298001
2005-01-26,2043.08,2051.13,2026.97,2051.13,666118
2005-01-27,2051.13,2059.17,2026.97,2043.08,612658
2005-01-28,2043.08,2051.13,2010.93,2018.91,697572
2005-01-31,2002.89,2002.89,1970.68,1986.79,1137050
2005-02-01,2002.89,2018.91,1994.84,2018.91,646723
2005-02-02,2026.97,2026.97,2002.89,2026.97,307945
2005-02-03,2035.03,2043.08,2010.93,2026.97,581331
2005-02-04,2035.03,2043.08,2002.89,2018.91,430899
2005-02-07,2002.89,2018.91,1994.84,2010.93,755009
2005-02-08,2010.93,2043.08,2002.89,2035.03,914762
2005-02-09,2043.08,2059.17,2018.91,2035.03,773657
2005-02-10,2043.08,2075.27,2043.08,2059.17,1413667
2005-02-14,2091.38,2091.38,2067.22,2067.22,645107
2005-02-15,2091.38,2123.49,2067.22,2107.39,1196352
2005-02-16,2091.38,2115.45,2083.33,2107.39,831216
2005-02-17,2083.33,2091.38,2075.27,2075.27,470807
2005-02-18,2075.27,2099.35,2067.22,2083.33,544033
2005-02-21,2083.33,2099.35,2067.22,2099.35,418967
2005-02-22,2099.35,2131.55,2099.35,2115.45,902082
2005-02-23,2123.49,2155.72,2107.39,2131.55,1201821
2005-02-24,2147.66,2171.8,2147.66,2155.72,1068299
2005-02-25,2155.72,2163.77,2139.61,2147.66,425429
2005-02-28,2163.77,2220.05,2155.72,2195.9,859564
2005-03-01,2212,2244.21,2203.94,2220.05,1044804
2005-03-02,2220.05,2244.21,2195.9,2195.9,692475
2005-03-03,2203.94,2212,2187.84,2203.94,451041
2005-03-04,2179.78,2195.9,2163.77,2187.84,319508
2005-03-07,2203.94,2252.26,2203.94,2236.13,659778
2005-03-08,2244.21,2252.26,2220.05,2228.08,461608
2005-03-09,2220.05,2228.08,2203.94,2220.05,426923
2005-03-10,2212,2228.08,2195.9,2212,268908
2005-03-11,2187.84,2212,2187.84,2203.94,1016209
2005-03-14,2212,2236.13,2203.94,2228.08,475905
2005-03-15,2228.08,2268.27,2220.05,2252.26,1289220
2005-03-16,2228.08,2244.21,2212,2244.21,480630
2005-03-17,2212,2220.05,2195.9,2203.94,430029
2005-03-18,2203.94,2236.13,2203.94,2228.08,431274
2005-03-22,2212,2260.22,2195.9,2236.13,661394
2005-03-23,2252.26,2252.26,2212,2228.08,527375
2005-03-24,2203.94,2220.05,2195.9,2203.94,609923
2005-03-25,2212,2220.05,2195.9,2212,318141
2005-03-28,2212,2220.05,2195.9,2212,230494
2005-03-29,2212,2244.21,2179.78,2179.78,647966
2005-03-30,2139.61,2195.9,2139.61,2179.78,532097
2005-03-31,2220.05,2276.32,2195.9,2260.22,1277658
2005-04-01,2244.21,2268.27,2220.05,2268.27,765079
2005-04-04,2252.26,2276.32,2228.08,2260.22,661147
2005-04-05,2260.22,2324.63,2252.26,2324.63,1240734
2005-04-06,2332.68,2332.68,2284.35,2300.48,880074
2005-04-07,2300.48,2316.58,2284.35,2284.35,355687
2005-04-08,2324.63,2324.63,2300.48,2300.48,412129
2005-04-11,2292.42,2300.48,2260.22,2276.32,342257
2005-04-12,2284.35,2284.35,2244.21,2252.26,448056
2005-04-13,2268.27,2276.32,2244.21,2252.26,417101
2005-04-14,2236.13,2244.21,2212,2244.21,437737
2005-04-15,2203.94,2212,2179.78,2179.78,354939
2005-04-18,2171.8,2171.8,2075.27,2099.35,689987
2005-04-19,2123.49,2131.55,2083.33,2115.45,776393
2005-04-20,2131.55,2163.77,2123.49,2147.66,613778
2005-04-21,2107.39,2131.55,2067.22,2123.49,796405
2005-04-22,2155.72,2163.77,2131.55,2131.55,486843
2005-04-25,2123.49,2155.72,2115.45,2131.55,230989
2005-04-26,2139.61,2155.72,2123.49,2147.66,322864
2005-04-27,2131.55,2147.66,2123.49,2131.55,318884
2005-04-28,2131.55,2139.61,2115.45,2139.61,337410
2005-05-02,2131.55,2163.77,2123.49,2155.72,188598
2005-05-06,2171.8,2195.9,2163.77,2195.9,381047
2005-05-09,2195.9,2244.21,2187.84,2244.21,953923
2005-05-10,2220.05,2228.08,2163.77,2163.77,825871
2005-05-11,2171.8,2179.78,2139.61,2171.8,694463
2005-05-12,2163.77,2244.21,2155.72,2195.9,3474679
2005-05-13,2195.9,2220.05,2187.84,2203.94,794543
2005-05-16,2203.94,2203.94,2115.45,2123.49,678301
2005-05-17,2139.61,2155.72,2067.22,2091.38,926324
2005-05-18,2067.22,2091.38,2059.17,2067.22,746179
2005-05-19,2091.38,2155.72,2083.33,2139.61,839048
2005-05-20,2147.66,2147.66,2107.39,2107.39,275869
2005-05-23,2115.45,2123.49,2075.27,2099.35,601347
2005-05-24,2107.39,2107.39,2067.22,2075.27,481252
2005-05-25,2075.27,2091.38,2051.13,2051.13,295016
2005-05-26,2043.08,2051.13,1994.84,2026.97,796781
2005-05-27,2043.08,2051.13,2018.91,2051.13,858318
2005-05-30,2059.17,2083.33,2051.13,2075.27,617883
2005-05-31,2083.33,2083.33,2035.03,2075.27,654182
2005-06-01,2059.17,2091.38,2051.13,2091.38,601468
2005-06-02,2091.38,2091.38,2059.17,2059.17,526380
2005-06-03,2067.22,2075.27,2018.91,2035.03,827364
2005-06-06,2026.97,2035.03,2010.93,2035.03,500894
2005-06-07,2035.03,2059.17,2035.03,2059.17,408771
2005-06-08,2059.17,2091.38,2051.13,2083.33,1014965
2005-06-09,2091.38,2091.38,2059.17,2059.17,581331
2005-06-10,2067.22,2107.39,2067.22,2091.38,969963
2005-06-13,2091.38,2107.39,2075.27,2083.33,400068
2005-06-14,2091.38,2099.35,2083.33,2091.38,239196
2005-06-15,2091.38,2099.35,2083.33,2091.38,331070
2005-06-16,2091.38,2123.49,2083.33,2099.35,802002
2005-06-17,2107.39,2115.45,2099.35,2115.45,326467
2005-06-20,2115.45,2115.45,2099.35,2107.39,350960
2005-06-21,2115.45,2131.55,2107.39,2123.49,640010
2005-06-22,2139.61,2147.66,2107.39,2123.49,922221
2005-06-23,2131.55,2147.66,2131.55,2139.61,374708
2005-06-24,2107.39,2131.55,2099.35,2099.35,619496
2005-06-27,2083.33,2091.38,2075.27,2083.33,372095
2005-06-28,2091.38,2115.45,2083.33,2115.45,232109
2005-06-29,2123.49,2131.55,2123.49,2131.55,228875
2005-06-30,2115.45,2123.49,2107.39,2115.45,250759
2005-07-01,2107.39,2139.61,2107.39,2123.49,338029
2005-07-04,2139.61,2163.77,2139.61,2155.72,731387
2005-07-05,2163.77,2171.8,2139.61,2155.72,554475
2005-07-06,2147.66,2163.77,2139.61,2139.61,635659
2005-07-07,2163.77,2179.78,2139.61,2139.61,775273
2005-07-08,2147.66,2155.72,2139.61,2147.66,500396
2005-07-11,2171.8,2171.8,2147.66,2147.66,441095
2005-07-12,2187.84,2212,2171.8,2212,1638440
2005-07-13,2220.05,2260.22,2212,2228.08,1924879
2005-07-14,2260.22,2284.35,2252.26,2268.27,1263361
2005-07-15,2268.27,2276.32,2244.21,2260.22,631680
2005-07-19,2252.26,2252.26,2220.05,2228.08,704283
2005-07-20,2228.08,2236.13,2203.94,2212,832957
2005-07-21,2220.05,2268.27,2220.05,2220.05,839547
2005-07-22,2244.21,2244.21,2212,2236.13,572750
2005-07-25,2236.13,2252.26,2236.13,2244.21,318141
2005-07-26,2244.21,2244.21,2212,2220.05,516310
2005-07-27,2220.05,2268.27,2220.05,2268.27,905438
2005-07-28,2276.32,2284.35,2252.26,2268.27,508228
2005-07-29,2284.35,2284.35,2260.22,2276.32,375452
2005-08-01,2276.32,2284.35,2260.22,2284.35,243424
2005-08-02,2284.35,2292.42,2260.22,2276.32,528120
2005-08-03,2260.22,2284.35,2252.26,2276.32,520785
2005-08-04,2260.22,2292.42,2228.08,2292.42,1501936
2005-08-05,2268.27,2276.32,2220.05,2244.21,876471
2005-08-08,2212,2244.21,2187.84,2236.13,630563
2005-08-09,2252.26,2284.35,2244.21,2268.27,746430
2005-08-10,2348.72,2469.4,2348.72,2405.07,7223485
2005-08-11,2413.12,2437.18,2388.96,2397,1544455
2005-08-12,2413.12,2509.57,2413.12,2509.57,3107555
2005-08-15,2485.5,2557.89,2453.31,2541.78,2810425
2005-08-16,2573.99,2662.47,2557.89,2646.36,3275513
2005-08-17,2622.21,2734.86,2622.21,2670.45,4177098
2005-08-18,2710.69,2750.96,2686.56,2694.59,2035276
2005-08-19,2702.65,2710.69,2622.21,2646.36,1811623
2005-08-22,2678.5,2783.08,2678.5,2775.04,2222880
2005-08-23,2775.04,2791.15,2726.81,2734.86,1360457
2005-08-24,2710.69,2726.81,2678.5,2710.69,1509891
2005-08-25,2670.45,2726.81,2662.47,2710.69,928687
2005-08-26,2710.69,2758.92,2694.59,2734.86,894498
2005-08-29,2718.75,2726.81,2638.31,2646.36,1327885
2005-08-30,2710.69,2726.81,2702.65,2726.81,1042441
2005-08-31,2694.59,2710.69,2670.45,2670.45,1048407
2005-09-01,2726.81,2734.86,2694.59,2694.59,789692
2005-09-02,2702.65,2726.81,2686.56,2710.69,876347
2005-09-05,2710.69,2775.04,2678.5,2775.04,1375749
2005-09-06,2783.08,2783.08,2702.65,2718.75,1232157
2005-09-07,2742.91,2750.96,2678.5,2710.69,902578
2005-09-08,2702.65,2702.65,2638.31,2654.42,892880
2005-09-09,2662.47,2670.45,2622.21,2670.45,1501688
2005-09-12,2702.65,2710.69,2670.45,2686.56,672209
2005-09-13,2678.5,2694.59,2662.47,2678.5,596000
2005-09-14,2662.47,2678.5,2638.31,2638.31,733750
2005-09-15,2646.36,2702.65,2638.31,2702.65,1083965
2005-09-16,2702.65,2710.69,2678.5,2702.65,647468
2005-09-20,2678.5,2775.04,2678.5,2775.04,1746229
2005-09-21,2807.23,2831.4,2766.99,2775.04,1539481
2005-09-22,2783.08,2791.15,2726.81,2783.08,929308
2005-09-26,2839.36,2919.79,2831.4,2919.79,1893798
2005-09-27,2952,2960.05,2879.62,2887.68,1258510
2005-09-28,2895.72,3000.25,2887.68,2984.21,1324775
2005-09-29,3024.4,3032.43,2943.95,3016.34,1153958
2005-09-30,3016.34,3016.34,2879.62,2919.79,842904
2005-10-03,2887.68,2895.72,2799.18,2871.55,1070785
2005-10-04,3016.34,3032.43,2976.16,2976.16,2313758
2005-10-05,2976.16,2992.27,2919.79,2927.84,1163529
2005-10-06,2895.72,2903.78,2839.36,2839.36,1127106
2005-10-07,2847.41,2911.83,2839.36,2895.72,1062704
2005-10-11,2895.72,2927.84,2871.55,2927.84,942735
2005-10-12,2935.9,2935.9,2879.62,2879.62,1352499
2005-10-13,2863.52,2911.83,2863.52,2911.83,907923
2005-10-14,2919.79,2919.79,2863.52,2871.55,700430
2005-10-17,2895.72,2895.72,2847.41,2863.52,281214
2005-10-18,2887.68,2903.78,2863.52,2879.62,433260
2005-10-19,2871.55,2871.55,2807.23,2815.28,776639
2005-10-20,2831.4,2863.52,2815.28,2855.47,576357
2005-10-21,2823.34,2847.41,2799.18,2839.36,511212
2005-10-24,2839.36,2839.36,2791.15,2791.15,404047
2005-10-25,2823.34,2847.41,2807.23,2847.41,777508
2005-10-26,2839.36,2903.78,2831.4,2903.78,863791
2005-10-27,2903.78,2919.79,2887.68,2903.78,474166
2005-10-28,2871.55,2895.72,2863.52,2879.62,434381
2005-10-31,2903.78,2976.16,2895.72,2976.16,1025160
2005-11-01,3008.28,3032.43,3000.25,3024.4,777759
2005-11-02,3048.54,3088.71,3040.48,3056.6,1587595
2005-11-04,3096.76,3104.83,3056.6,3072.7,971329
2005-11-07,3072.7,3072.7,3000.25,3016.34,678176
2005-11-08,3024.4,3048.54,3016.34,3016.34,549008
2005-11-09,3024.4,3088.71,3024.4,3056.6,1063451
2005-11-10,3056.6,3064.65,2968.12,2992.27,709630
2005-11-11,3024.4,3032.43,2992.27,3032.43,517304
2005-11-14,3032.43,3040.48,2976.16,2984.21,407901
2005-11-15,2984.21,3016.34,2887.68,2919.79,1861226
2005-11-16,2927.84,2952,2919.79,2943.95,753390
2005-11-17,2943.95,3016.34,2919.79,3008.28,789942
2005-11-18,3032.43,3137.03,3016.34,3137.03,2563769
2005-11-21,3137.03,3177.21,3080.75,3096.76,1457428
2005-11-22,3104.83,3128.99,3080.75,3104.83,513201
2005-11-24,3120.92,3128.99,3064.65,3064.65,440970
2005-11-25,3056.6,3137.03,3032.43,3112.88,731512
2005-11-28,3153.13,3249.58,3145.08,3241.61,2898319
2005-11-29,3225.51,3346.13,3185.25,3330.01,3439369
2005-11-30,3482.93,3708.12,3442.66,3595.49,11602110
2005-12-01,3571.4,3619.63,3466.82,3619.63,2951158
2005-12-02,3659.8,3659.8,3579.37,3619.63,1958322
2005-12-05,3659.8,3748.3,3651.84,3748.3,2827333
2005-12-06,3740.25,3740.25,3643.8,3651.84,1631355
2005-12-07,3571.4,3651.84,3563.34,3611.59,1133942
2005-12-08,3595.49,3611.59,3507,3555.3,1104602
2005-12-09,3515.05,3635.74,3515.05,3635.74,1502681
2005-12-12,3675.91,3748.3,3643.8,3740.25,1156195
2005-12-13,3740.25,3796.6,3692.03,3748.3,1491243
2005-12-14,3820.68,3877.04,3732.27,3740.25,2109497
2005-12-15,3667.86,3708.12,3587.43,3595.49,1301901
2005-12-16,3611.59,3724.22,3579.37,3643.8,947831
2005-12-19,3659.8,3675.91,3595.49,3627.7,617633
2005-12-20,3635.74,3716.19,3627.7,3708.12,786214
2005-12-21,3724.22,3740.25,3683.96,3716.19,802499
2005-12-22,3716.19,3724.22,3667.86,3708.12,574866
2005-12-26,3692.03,3708.12,3651.84,3692.03,732383
2005-12-27,3667.86,3700.08,3659.8,3667.86,450295
2005-12-28,3627.7,3796.6,3627.7,3780.5,961755
2005-12-29,3740.25,3748.3,3683.96,3700.08,856205
2005-12-30,3708.12,3716.19,3675.91,3700.08,291287
2006-01-04,3772.46,3780.5,3716.19,3780.5,464468
2006-01-05,3764.4,3780.5,3724.22,3740.25,726041
2006-01-06,3764.4,4054.01,3756.34,4029.87,6288459
2006-01-10,4070.02,4102.25,3981.65,4005.7,2924555
2006-01-11,4029.87,4062.06,3885.08,3997.65,2406750
2006-01-12,4029.87,4078.08,3957.47,4005.7,1215993
2006-01-13,4029.87,4206.83,3997.65,4166.57,3920622
2006-01-16,4086.15,4102.25,4013.76,4037.93,1753564
2006-01-17,3957.47,4037.93,3877.04,3901.19,1368041
2006-01-18,3860.94,3868.99,3523.09,3651.84,1463520
2006-01-19,3627.7,3901.19,3627.7,3828.75,1289345
2006-01-20,3949.42,3957.47,3796.6,3893.14,880200
2006-01-23,3732.27,3868.99,3708.12,3804.67,740089
2006-01-24,3820.68,3852.89,3732.27,3780.5,852602
2006-01-25,3812.72,3868.99,3780.5,3828.75,866277
2006-01-26,3868.99,3989.6,3852.89,3973.59,1048656
2006-01-27,4102.25,4142.5,4037.93,4062.06,1380968
2006-01-30,4086.15,4134.45,4054.01,4070.02,1511634
2006-01-31,4086.15,4174.62,4054.01,4142.5,1495100
2006-02-01,4126.4,4150.48,4037.93,4070.02,1002657
2006-02-02,4134.45,4150.48,4086.15,4126.4,660647
2006-02-03,4126.4,4230.98,4118.35,4214.88,2167556
2006-02-06,4279.21,4327.44,4206.83,4263.11,1802669
2006-02-07,4271.17,4279.21,4222.93,4247.02,942113
2006-02-08,4190.73,4214.88,4054.01,4070.02,1287105
2006-02-09,4134.45,4166.57,4062.06,4078.08,816299
2006-02-10,4102.25,4126.4,3909.17,3981.65,1671511
2006-02-13,3981.65,3981.65,3828.75,3844.82,1051020
2006-02-14,3764.4,3852.89,3627.7,3836.77,1723103
2006-02-15,3917.22,3973.59,3812.72,3828.75,1509643
2006-02-16,3788.54,3828.75,3724.22,3772.46,1218354
2006-02-17,3748.3,3812.72,3675.91,3716.19,1172359
2006-02-20,3635.74,3659.8,3515.05,3539.21,1164028
2006-02-21,3611.59,3732.27,3579.37,3724.22,1547811
2006-02-22,3756.34,3828.75,3732.27,3740.25,1226562
2006-02-23,3877.04,3957.47,3860.94,3933.34,2125784
2006-02-24,3901.19,4005.7,3852.89,3989.6,1312094
2006-02-27,4102.25,4126.4,4054.01,4078.08,2013647
2006-02-28,4070.02,4078.08,3989.6,4045.96,1004026
2006-03-01,3941.37,4005.7,3925.28,3933.34,1136304
2006-03-02,3973.59,3989.6,3860.94,3877.04,818162
2006-03-03,3860.94,3893.14,3780.5,3804.67,743073
2006-03-06,3780.5,3844.82,3724.22,3844.82,888031
2006-03-07,3796.6,3812.72,3724.22,3780.5,767813
2006-03-08,3764.4,3812.72,3756.34,3796.6,661147
2006-03-09,3804.67,3917.22,3804.67,3885.08,1172854
2006-03-10,3925.28,3981.65,3885.08,3893.14,1463767
2006-03-13,3925.28,3965.53,3901.19,3925.28,639760
2006-03-14,3965.53,4037.93,3933.34,3989.6,1350014
2006-03-15,4029.87,4070.02,3997.65,4013.76,1254659
2006-03-16,4021.81,4029.87,3877.04,3909.17,897854
2006-03-17,3965.53,3997.65,3925.28,3997.65,642746
2006-03-20,3973.59,4037.93,3973.59,4013.76,651322
2006-03-22,4021.81,4062.06,3989.6,4054.01,911280
2006-03-23,4086.15,4094.2,3981.65,3989.6,778630
2006-03-24,3997.65,4021.81,3965.53,3997.65,694463
2006-03-27,4054.01,4070.02,4021.81,4045.96,690359
2006-03-28,4045.96,4118.35,4021.81,4102.25,1211518
2006-03-29,4110.29,4238.96,4110.29,4214.88,2300083
2006-03-30,4238.96,4255.07,4198.78,4230.98,1527172
2006-03-31,4247.02,4255.07,4190.73,4206.83,801005
2006-04-03,4230.98,4351.6,4214.88,4335.49,2021851
2006-04-04,4319.39,4432.03,4287.26,4343.54,2467669
2006-04-05,4335.49,4351.6,4166.57,4214.88,1753812
2006-04-06,4287.26,4303.37,4230.98,4303.37,820027
2006-04-07,4295.32,4327.44,4263.11,4327.44,542790
2006-04-10,4279.21,4319.39,4263.11,4295.32,735737
2006-04-11,4263.11,4287.26,4190.73,4230.98,752895
2006-04-12,4198.78,4222.93,4182.67,4182.67,557834
2006-04-13,4206.83,4222.93,4126.4,4206.83,748294
2006-04-14,4238.96,4238.96,4134.45,4150.48,826989
2006-04-17,4134.45,4142.5,4070.02,4094.2,500768
2006-04-18,4037.93,4190.73,4029.87,4166.57,625714
2006-04-19,4238.96,4247.02,4198.78,4214.88,569024
2006-04-20,4222.93,4295.32,4214.88,4287.26,936147
2006-04-21,4255.07,4279.21,4182.67,4206.83,802995
2006-04-24,4142.5,4150.48,4054.01,4062.06,836813
2006-04-25,4062.06,4094.2,4021.81,4045.96,718459
2006-04-26,4062.06,4118.35,4054.01,4078.08,696204
2006-04-27,4070.02,4126.4,4062.06,4094.2,438358
2006-04-28,4102.25,4102.25,4021.81,4054.01,561190
2006-05-01,4029.87,4078.08,3997.65,4054.01,538439
2006-05-02,4045.96,4126.4,4037.93,4118.35,319134
2006-05-08,4198.78,4198.78,4150.48,4158.51,616512
2006-05-09,4166.57,4230.98,4150.48,4150.48,787084
2006-05-10,4134.45,4206.83,4078.08,4110.29,607312
2006-05-11,4102.25,4150.48,4037.93,4045.96,490948
2006-05-12,4005.7,4045.96,3949.42,4021.81,715597
2006-05-15,3949.42,3997.65,3925.28,3957.47,797775
2006-05-16,3981.65,4045.96,3860.94,3877.04,1245707
2006-05-17,3868.99,3949.42,3812.72,3949.42,1142893
2006-05-18,3893.14,3989.6,3844.82,3949.42,1122878
2006-05-19,3941.37,3989.6,3901.19,3973.59,645232
2006-05-22,4013.76,4062.06,3917.22,3925.28,894123
2006-05-23,3868.99,3885.08,3756.34,3756.34,1221340
2006-05-24,3796.6,3844.82,3764.4,3836.77,902827
2006-05-25,3836.77,3877.04,3796.6,3828.75,658659
2006-05-26,3877.04,3901.19,3852.89,3893.14,603088
2006-05-29,3885.08,3901.19,3820.68,3828.75,660276
2006-05-30,3796.6,3868.99,3772.46,3828.75,968593
2006-05-31,3772.46,3844.82,3756.34,3836.77,1113054
2006-06-01,3852.89,3852.89,3748.3,3772.46,605574
2006-06-02,3780.5,3820.68,3627.7,3812.72,778256
2006-06-05,3780.5,3828.75,3748.3,3764.4,458874
2006-06-06,3708.12,3724.22,3651.84,3667.86,620118
2006-06-07,3627.7,3675.91,3571.4,3579.37,704658
2006-06-08,3507,3531.15,3370.28,3410.45,1365181
2006-06-09,3418.5,3555.3,3394.43,3523.09,1638317
2006-06-12,3458.77,3555.3,3458.77,3507,1190507
2006-06-13,3458.77,3466.82,3330.01,3330.01,1010613
2006-06-14,3257.64,3418.5,3241.61,3354.17,824629
2006-06-15,3434.6,3515.05,3394.43,3418.5,1224324
2006-06-16,3523.09,3563.34,3474.86,3555.3,1076753
2006-06-19,3579.37,3635.74,3563.34,3571.4,1363441
2006-06-20,3595.49,3675.91,3571.4,3579.37,1516854
2006-06-21,3619.63,3651.84,3539.21,3587.43,1409565
2006-06-22,3627.7,3692.03,3619.63,3683.96,908793
2006-06-23,3804.67,3973.59,3796.6,3917.22,5814172
2006-06-26,3941.37,3981.65,3909.17,3957.47,1859362
2006-06-27,3965.53,4029.87,3957.47,4013.76,1789244
2006-06-28,3957.47,3989.6,3917.22,3933.34,1713531
2006-06-29,3965.53,4005.7,3957.47,4005.7,961383
2006-06-30,4102.25,4110.29,4054.01,4094.2,1128348
2006-07-03,4102.25,4102.25,4021.81,4062.06,1046419
2006-07-04,4062.06,4086.15,4005.7,4062.06,1010241
2006-07-05,3981.65,4045.96,3981.65,4013.76,727159
2006-07-06,3973.59,3981.65,3917.22,3925.28,809090
2006-07-07,3957.47,3957.47,3885.08,3909.17,397460
2006-07-10,3836.77,3957.47,3812.72,3957.47,751277
2006-07-11,3957.47,3957.47,3868.99,3901.19,535084
2006-07-12,3860.94,3885.08,3780.5,3796.6,901088
2006-07-13,3756.34,3901.19,3716.19,3796.6,995321
2006-07-14,3756.34,3756.34,3651.84,3659.8,1625263
2006-07-18,3619.63,3627.7,3482.93,3507,1020310
2006-07-19,3547.25,3619.63,3515.05,3587.43,907799
2006-07-20,3692.03,3700.08,3643.8,3700.08,1058729
2006-07-21,3667.86,3692.03,3635.74,3643.8,714355
2006-07-24,3587.43,3587.43,3515.05,3571.4,709135
2006-07-25,3627.7,3659.8,3611.59,3619.63,374955
2006-07-26,3651.84,3659.8,3579.37,3603.54,383411
2006-07-27,3619.63,3692.03,3579.37,3692.03,922221
2006-07-28,3667.86,3724.22,3619.63,3683.96,871002
2006-07-31,3724.22,3812.72,3716.19,3764.4,869137
2006-08-01,3740.25,3796.6,3724.22,3772.46,533217
2006-08-02,3740.25,3796.6,3724.22,3796.6,511958
2006-08-03,3836.77,3844.82,3772.46,3772.46,575984
2006-08-04,3796.6,3868.99,3788.54,3852.89,1026902
2006-08-07,3860.94,3868.99,3764.4,3772.46,878833
2006-08-08,3796.6,3877.04,3780.5,3877.04,621113
2006-08-09,3957.47,4005.7,3893.14,3997.65,2767782
2006-08-10,3981.65,4013.76,3949.42,3981.65,949946
2006-08-11,3989.6,4054.01,3981.65,3981.65,1428588
2006-08-14,3973.59,4070.02,3957.47,4054.01,651697
2006-08-15,4062.06,4102.25,4054.01,4086.15,998183
2006-08-16,4126.4,4142.5,4094.2,4110.29,892261
2006-08-17,4110.29,4118.35,4054.01,4062.06,1009868
2006-08-18,4029.87,4078.08,4021.81,4070.02,800385
2006-08-21,4045.96,4062.06,3989.6,4005.7,496418
2006-08-22,4005.7,4070.02,3989.6,4070.02,583440
2006-08-23,4054.01,4078.08,4029.87,4070.02,538315
2006-08-24,4037.93,4045.96,3989.6,4021.81,571758
2006-08-25,3981.65,4037.93,3973.59,3989.6,599108
2006-08-28,3997.65,4005.7,3917.22,3925.28,481998
2006-08-29,3965.53,4005.7,3949.42,3981.65,437491
2006-08-30,4021.81,4021.81,3925.28,3957.47,425679
2006-08-31,3973.59,4054.01,3965.53,4054.01,791062
2006-09-01,4013.76,4037.93,3997.65,4029.87,487466
2006-09-04,4062.06,4078.08,4037.93,4054.01,573747
2006-09-05,4021.81,4037.93,3989.6,4029.87,542293
2006-09-06,4005.7,4062.06,4005.7,4029.87,661269
2006-09-07,3981.65,3981.65,3820.68,3852.89,2889618
2006-09-08,3852.89,3909.17,3844.82,3885.08,1741626
2006-09-11,3893.14,3893.14,3812.72,3812.72,812193
2006-09-12,3828.75,3844.82,3756.34,3756.34,871497
2006-09-13,3836.77,3868.99,3780.5,3780.5,769805
2006-09-14,3796.6,3860.94,3764.4,3820.68,1012976
2006-09-15,3812.72,3852.89,3764.4,3844.82,661147
2006-09-19,3901.19,3933.34,3877.04,3917.22,2207960
2006-09-20,3893.14,3965.53,3877.04,3949.42,2050941
2006-09-21,3949.42,4021.81,3901.19,3989.6,1097515
2006-09-22,3941.37,3965.53,3901.19,3909.17,675817
2006-09-25,3901.19,3957.47,3860.94,3925.28,814807
2006-09-26,3909.17,3933.34,3877.04,3885.08,559201
2006-09-27,3925.28,4013.76,3917.22,4013.76,922098
2006-09-28,4021.81,4078.08,3997.65,4078.08,1167012
2006-09-29,4102.25,4102.25,4062.06,4094.2,1048533
2006-10-02,4110.29,4198.78,4110.29,4198.78,2413589
2006-10-03,4166.57,4174.62,4126.4,4158.51,1342803
2006-10-04,4158.51,4166.57,4029.87,4045.96,918617
2006-10-05,4134.45,4182.67,4110.29,4166.57,1170244
2006-10-06,4142.5,4150.48,4070.02,4094.2,477271
2006-10-10,4029.87,4134.45,4029.87,4078.08,648340
2006-10-11,4102.25,4126.4,3997.65,3997.65,612658
2006-10-12,4021.81,4102.25,4013.76,4045.96,864785
2006-10-13,4102.25,4142.5,4078.08,4118.35,749412
2006-10-16,4142.5,4190.73,4134.45,4182.67,905190
2006-10-17,4174.62,4174.62,4118.35,4158.51,588538
2006-10-18,4126.4,4166.57,4110.29,4158.51,681533
2006-10-19,4182.67,4271.17,4174.62,4206.83,2255328
2006-10-20,4198.78,4279.21,4190.73,4279.21,1476078
2006-10-23,4271.17,4287.26,4214.88,4247.02,1069294
2006-10-24,4263.11,4263.11,4206.83,4222.93,698068
2006-10-25,4206.83,4271.17,4206.83,4238.96,713858
2006-10-26,4222.93,4287.26,4222.93,4271.17,935525
2006-10-27,4287.26,4303.37,4222.93,4247.02,1205800
2006-10-30,4238.96,4247.02,4094.2,4102.25,894746
2006-10-31,4134.45,4158.51,4054.01,4102.25,867892
2006-11-01,4086.15,4134.45,4062.06,4102.25,525386
2006-11-02,4086.15,4094.2,4037.93,4086.15,467326
2006-11-06,4045.96,4118.35,4029.87,4110.29,552114
2006-11-07,4142.5,4174.62,4134.45,4150.48,555969
2006-11-08,3877.04,3917.22,3724.22,3740.25,6367528
2006-11-09,3756.34,3836.77,3724.22,3772.46,3154797
2006-11-10,3748.3,3764.4,3675.91,3708.12,1937061
2006-11-13,3643.8,3651.84,3563.34,3595.49,2274349
2006-11-14,3635.74,3675.91,3619.63,3627.7,1983433
2006-11-15,3651.84,3740.25,3627.7,3675.91,2307666
2006-11-16,3692.03,3756.34,3643.8,3659.8,1510888
2006-11-17,3667.86,3708.12,3611.59,3627.7,1765497
2006-11-20,3595.49,3595.49,3490.99,3490.99,1244712
2006-11-21,3498.93,3547.25,3450.71,3466.82,1237503
2006-11-22,3507,3595.49,3490.99,3595.49,1467373
2006-11-24,3571.4,3579.37,3498.93,3547.25,1359090
2006-11-27,3507,3587.43,3482.93,3563.34,1142272
2006-11-28,3482.93,3547.25,3482.93,3531.15,1389919
2006-11-29,3571.4,3635.74,3555.3,3627.7,1033488
2006-11-30,3692.03,3708.12,3667.86,3692.03,1250926
2006-12-01,3716.19,3716.19,3667.86,3683.96,751777
2006-12-04,3692.03,3732.27,3659.8,3724.22,710253
2006-12-05,3748.3,3748.3,3643.8,3651.84,968841
2006-12-06,3692.03,3732.27,3675.91,3724.22,1048160
2006-12-07,3740.25,3740.25,3683.96,3700.08,782358
2006-12-08,3683.96,3724.22,3675.91,3700.08,1093538
2006-12-11,3716.19,3788.54,3700.08,3772.46,925948
2006-12-12,3764.4,3772.46,3683.96,3692.03,1360084
2006-12-13,3683.96,3740.25,3667.86,3716.19,1102611
2006-12-14,3740.25,3772.46,3708.12,3772.46,1671882
2006-12-15,3812.72,3836.77,3804.67,3820.68,1659823
2006-12-18,3820.68,3828.75,3772.46,3796.6,980529
2006-12-19,3716.19,3756.34,3667.86,3683.96,1528167
2006-12-20,3700.08,3756.34,3692.03,3740.25,866151
2006-12-21,3748.3,3772.46,3683.96,3708.12,1011111
2006-12-22,3708.12,3716.19,3667.86,3700.08,1068177
2006-12-25,3700.08,3708.12,3675.91,3683.96,614152
2006-12-26,3635.74,3692.03,3619.63,3683.96,675938
2006-12-27,3700.08,3708.12,3635.74,3643.8,563551
2006-12-28,3659.8,3683.96,3627.7,3635.74,504500
2006-12-29,3659.8,3692.03,3651.84,3667.86,334428
2007-01-04,3659.8,3692.03,3651.84,3675.91,455144
2007-01-05,3683.96,3692.03,3635.74,3651.84,765700
2007-01-09,3659.8,3700.08,3651.84,3683.96,1091298
2007-01-10,3692.03,3692.03,3603.54,3619.63,1103856
2007-01-11,3627.7,3643.8,3579.37,3587.43,721940
2007-01-12,3603.54,3635.74,3579.37,3611.59,1206049
2007-01-15,3627.7,3683.96,3595.49,3683.96,969216
2007-01-16,3667.86,3675.91,3635.74,3667.86,1015711
2007-01-17,3667.86,3724.22,3635.74,3724.22,1417397
2007-01-18,3700.08,3732.27,3683.96,3683.96,1288598
2007-01-19,3796.6,3828.75,3756.34,3796.6,3780882
2007-01-22,3836.77,3860.94,3820.68,3852.89,1672879
2007-01-23,3820.68,3852.89,3804.67,3836.77,1111687
2007-01-24,3860.94,3868.99,3788.54,3796.6,1533636
2007-01-25,3828.75,3828.75,3748.3,3748.3,952059
2007-01-26,3732.27,3764.4,3708.12,3756.34,1016333
2007-01-29,3740.25,3788.54,3732.27,3772.46,854836
2007-01-30,3764.4,3788.54,3700.08,3724.22,1119769
2007-01-31,3716.19,3740.25,3651.84,3683.96,1036225
2007-02-01,3659.8,3708.12,3643.8,3683.96,1297674
2007-02-02,3692.03,3700.08,3667.86,3667.86,684268
2007-02-05,3740.25,3796.6,3700.08,3716.19,2170788
2007-02-06,3740.25,3756.34,3700.08,3732.27,1195233
2007-02-07,3716.19,3724.22,3651.84,3708.12,923215
2007-02-08,3716.19,3716.19,3619.63,3643.8,989107
2007-02-09,3683.96,3716.19,3659.8,3700.08,1224571
2007-02-13,3683.96,3700.08,3659.8,3683.96,1221465
2007-02-14,3700.08,3708.12,3659.8,3675.91,1229421
2007-02-15,3692.03,3756.34,3683.96,3748.3,2066979
2007-02-16,3732.27,3732.27,3659.8,3667.86,1549675
2007-02-19,3659.8,3667.86,3627.7,3627.7,1197221
2007-02-20,3635.74,3651.84,3595.49,3611.59,1417022
2007-02-21,3643.8,3724.22,3643.8,3716.19,2086870
2007-02-22,3740.25,3748.3,3700.08,3724.22,1119023
2007-02-23,3724.22,3740.25,3692.03,3732.27,952182
2007-02-26,3740.25,3772.46,3692.03,3708.12,1377366
2007-02-27,3724.22,3764.4,3700.08,3740.25,1644533
2007-02-28,3539.21,3611.59,3515.05,3603.54,2061010
2007-03-01,3619.63,3627.7,3507,3571.4,1413917
2007-03-02,3547.25,3547.25,3490.99,3498.93,1498081
2007-03-05,3442.66,3450.71,3330.01,3346.13,1694510
2007-03-06,3378.34,3458.77,3370.28,3458.77,1015463
2007-03-07,3539.21,3539.21,3426.56,3434.6,1321543
2007-03-08,3418.5,3458.77,3410.45,3458.77,1605371
2007-03-09,3474.86,3482.93,3426.56,3442.66,1536248
2007-03-12,3482.93,3523.09,3474.86,3507,1043560
2007-03-13,3563.34,3563.34,3507,3515.05,943855
2007-03-14,3466.82,3474.86,3410.45,3442.66,1863586
2007-03-15,3466.82,3490.99,3442.66,3458.77,1244589
2007-03-16,3490.99,3515.05,3458.77,3466.82,1294068
2007-03-19,3547.25,3555.3,3498.93,3531.15,1230912
2007-03-20,3571.4,3627.7,3563.34,3603.54,1658457
2007-03-22,3700.08,3716.19,3659.8,3708.12,1537492
2007-03-23,3708.12,3716.19,3627.7,3659.8,889649
2007-03-26,3651.84,3651.84,3611.59,3627.7,885171
2007-03-27,3635.74,3675.91,3603.54,3627.7,762965
2007-03-28,3619.63,3651.84,3563.34,3587.43,983263
2007-03-29,3571.4,3611.59,3531.15,3587.43,822640
2007-03-30,3587.43,3587.43,3539.21,3563.34,474536
2007-04-02,3563.34,3579.37,3450.71,3466.82,994577
2007-04-03,3490.99,3515.05,3458.77,3498.93,536947
2007-04-04,3515.05,3523.09,3482.93,3507,960760
2007-04-05,3507,3555.3,3498.93,3523.09,743820
2007-04-06,3531.15,3563.34,3490.99,3498.93,576978
2007-04-09,3531.15,3563.34,3515.05,3555.3,881816
2007-04-10,3539.21,3555.3,3507,3523.09,629815
2007-04-11,3523.09,3531.15,3466.82,3482.93,856827
2007-04-12,3466.82,3482.93,3442.66,3466.82,823012
2007-04-13,3498.93,3498.93,3426.56,3434.6,644239
2007-04-16,3434.6,3490.99,3410.45,3474.86,866776
2007-04-17,3498.93,3523.09,3418.5,3450.71,917000
2007-04-18,3434.6,3482.93,3418.5,3450.71,972323
2007-04-19,3426.56,3426.56,3346.13,3370.28,1752693
2007-04-20,3394.43,3402.5,3297.9,3314,1680709
2007-04-23,3305.95,3338.09,3257.64,3273.73,1565215
2007-04-24,3257.64,3257.64,3177.21,3209.41,1814108
2007-04-25,3225.51,3241.61,3145.08,3153.13,2176506
2007-04-26,3185.25,3241.61,3177.21,3209.41,1111814
2007-04-27,3209.41,3217.46,3153.13,3169.16,1069667
2007-05-01,3193.31,3201.36,3169.16,3193.31,649582
2007-05-02,3193.31,3217.46,3177.21,3201.36,804364
2007-05-07,3241.61,3297.9,3233.57,3265.68,1435173
2007-05-08,3265.68,3297.9,3257.64,3265.68,839176
2007-05-09,3257.64,3386.38,3225.51,3370.28,2276460
2007-05-10,3410.45,3507,3394.43,3426.56,2646319
2007-05-11,3386.38,3426.56,3346.13,3354.17,1373383
2007-05-14,3386.38,3402.5,3346.13,3354.17,764953
2007-05-15,3314,3322.06,3257.64,3305.95,761475
2007-05-16,3265.68,3297.9,3249.58,3289.86,565541
2007-05-17,3314,3362.22,3297.9,3330.01,879579
2007-05-18,3346.13,3346.13,3297.9,3338.09,845389
2007-05-21,3314,3330.01,3273.73,3305.95,541298
2007-05-22,3338.09,3370.28,3322.06,3362.22,617633
2007-05-23,3410.45,3450.71,3402.5,3426.56,1401481
2007-05-24,3402.5,3410.45,3330.01,3362.22,737478
2007-05-25,3386.38,3418.5,3346.13,3386.38,940744
2007-05-28,3402.5,3402.5,3338.09,3346.13,445322
2007-05-29,3338.09,3458.77,3338.09,3434.6,1084335
2007-05-30,3442.66,3482.93,3386.38,3402.5,862174
2007-05-31,3442.66,3515.05,3434.6,3515.05,1351006
2007-06-01,3523.09,3547.25,3507,3531.15,848870
2007-06-04,3571.4,3579.37,3482.93,3507,538688
2007-06-05,3515.05,3523.09,3482.93,3507,640632
2007-06-06,3490.99,3507,3474.86,3474.86,615893
2007-06-07,3458.77,3490.99,3450.71,3482.93,734370
2007-06-08,3490.99,3498.93,3458.77,3490.99,1466006
2007-06-11,3523.09,3547.25,3466.82,3482.93,455765
2007-06-12,3458.77,3466.82,3386.38,3394.43,773657
2007-06-13,3378.34,3394.43,3346.13,3386.38,646226
2007-06-14,3426.56,3442.66,3402.5,3434.6,544530
2007-06-15,3434.6,3507,3426.56,3507,699933
2007-06-18,3539.21,3555.3,3515.05,3523.09,729895
2007-06-19,3531.15,3547.25,3523.09,3539.21,515316
2007-06-20,3579.37,3667.86,3571.4,3619.63,2302444
2007-06-21,3587.43,3635.74,3571.4,3619.63,921477
2007-06-22,3627.7,3700.08,3611.59,3683.96,1630608
2007-06-25,3700.08,3740.25,3587.43,3635.74,2552457
2007-06-26,3611.59,3619.63,3555.3,3603.54,630436
2007-06-27,3563.34,3579.37,3539.21,3547.25,516310
2007-06-28,3555.3,3619.63,3539.21,3563.34,581702
2007-06-29,3571.4,3603.54,3555.3,3587.43,1433933
2007-07-02,3466.82,3490.99,3394.43,3466.82,2933130
2007-07-03,3498.93,3498.93,3402.5,3418.5,2578316
2007-07-04,3394.43,3402.5,3338.09,3354.17,1945391
2007-07-05,3362.22,3378.34,3330.01,3338.09,1378235
2007-07-06,3418.5,3434.6,3362.22,3402.5,2435470
2007-07-09,3418.5,3442.66,3410.45,3418.5,1173227
2007-07-10,3394.43,3410.45,3354.17,3370.28,887412
2007-07-11,3370.28,3434.6,3370.28,3370.28,977668
2007-07-12,3378.34,3394.43,3346.13,3362.22,900715
2007-07-13,3402.5,3402.5,3370.28,3386.38,698566
2007-07-17,3394.43,3418.5,3362.22,3410.45,1056365
2007-07-18,3434.6,3434.6,3370.28,3394.43,858694
2007-07-19,3426.56,3482.93,3426.56,3474.86,1661937
2007-07-20,3482.93,3482.93,3434.6,3450.71,848249
2007-07-23,3410.45,3442.66,3402.5,3442.66,563551
2007-07-24,3434.6,3490.99,3426.56,3466.82,758364
2007-07-25,3418.5,3466.82,3410.45,3450.71,704036
2007-07-26,3426.56,3434.6,3386.38,3394.43,559201
2007-07-27,3297.9,3330.01,3273.73,3322.06,975681
2007-07-30,3305.95,3418.5,3273.73,3394.43,1100997
2007-07-31,3370.28,3378.34,3330.01,3370.28,726290
2007-08-01,3322.06,3346.13,3289.86,3297.9,847005
2007-08-02,3314,3354.17,3281.8,3354.17,1058853
2007-08-03,3338.09,3370.28,3314,3330.01,617758
2007-08-06,3297.9,3305.95,3273.73,3297.9,776144
2007-08-07,3330.01,3338.09,3273.73,3297.9,931173
2007-08-08,3410.45,3571.4,3386.38,3507,3648730
2007-08-09,3539.21,3539.21,3466.82,3515.05,1684438
2007-08-10,3434.6,3434.6,3330.01,3386.38,1988282
2007-08-13,3346.13,3418.5,3314,3322.06,1105098
2007-08-14,3322.06,3386.38,3322.06,3370.28,673207
2007-08-15,3362.22,3410.45,3354.17,3378.34,1178696
2007-08-16,3330.01,3346.13,3201.36,3273.73,1381218
2007-08-17,3217.46,3225.51,3056.6,3056.6,1345289
2007-08-20,3153.13,3161.18,3056.6,3072.7,1101867
2007-08-21,3096.76,3145.08,3064.65,3112.88,730390
2007-08-22,3096.76,3137.03,3064.65,3120.92,582571
2007-08-23,3169.16,3193.31,3128.99,3153.13,429781
2007-08-24,3153.13,3153.13,3120.92,3128.99,348847
2007-08-27,3209.41,3217.46,3169.16,3185.25,514694
2007-08-28,3177.21,3201.36,3169.16,3185.25,438981
2007-08-29,3137.03,3217.46,3112.88,3217.46,830969
2007-08-30,3281.8,3281.8,3225.51,3249.58,1005268
2007-08-31,3257.64,3418.5,3257.64,3394.43,1204184
2007-09-03,3402.5,3426.56,3362.22,3362.22,825372
2007-09-04,3338.09,3354.17,3297.9,3330.01,940995
2007-09-05,3370.28,3466.82,3370.28,3426.56,1590700
2007-09-06,3362.22,3418.5,3322.06,3410.45,1174595
2007-09-07,3378.34,3394.43,3322.06,3354.17,733128
2007-09-10,3273.73,3354.17,3265.68,3314,624595
2007-09-11,3322.06,3338.09,3281.8,3330.01,671339
2007-09-12,3338.09,3402.5,3289.86,3305.95,670097
2007-09-13,3346.13,3370.28,3322.06,3338.09,389129
2007-09-14,3338.09,3346.13,3289.86,3314,985500
2007-09-18,3297.9,3322.06,3281.8,3305.95,339772
2007-09-19,3330.01,3386.38,3322.06,3370.28,587421
2007-09-20,3362.22,3426.56,3354.17,3402.5,483614
2007-09-21,3370.28,3410.45,3354.17,3402.5,636656
2007-09-25,3434.6,3515.05,3426.56,3482.93,986246
2007-09-26,3474.86,3474.86,3410.45,3434.6,747672
2007-09-27,3466.82,3547.25,3426.56,3515.05,1365802
2007-09-28,3515.05,3523.09,3466.82,3498.93,554725
2007-10-01,3474.86,3490.99,3418.5,3450.71,604950
2007-10-02,3490.99,3619.63,3474.86,3603.54,1660320
2007-10-03,3587.43,3675.91,3571.4,3659.8,1994873
2007-10-04,3587.43,3595.49,3547.25,3563.34,988734
2007-10-05,3555.3,3555.3,3523.09,3539.21,611665
2007-10-09,3547.25,3571.4,3515.05,3539.21,581828
2007-10-10,3539.21,3547.25,3507,3531.15,654680
2007-10-11,3531.15,3619.63,3515.05,3611.59,891263
2007-10-12,3611.59,3611.59,3507,3547.25,701795
2007-10-15,3587.43,3651.84,3579.37,3619.63,1277409
2007-10-16,3603.54,3635.74,3571.4,3571.4,926820
2007-10-17,3571.4,3587.43,3498.93,3547.25,526130
2007-10-18,3515.05,3571.4,3498.93,3563.34,527747
2007-10-19,3498.93,3507,3458.77,3474.86,903076
2007-10-22,3354.17,3418.5,3338.09,3418.5,649831
2007-10-23,3571.4,3587.43,3515.05,3523.09,1037094
2007-10-24,3515.05,3611.59,3498.93,3555.3,1166638
2007-10-25,3571.4,3635.74,3563.34,3587.43,1199212
2007-10-26,3579.37,3619.63,3563.34,3619.63,772165
2007-10-29,3627.7,3659.8,3611.59,3627.7,677680
2007-10-30,3619.63,3619.63,3547.25,3603.54,726290
2007-10-31,3563.34,3627.7,3539.21,3611.59,442589
2007-11-01,3507,3507,3330.01,3434.6,2518766
2007-11-02,3354.17,3410.45,3314,3386.38,1182178
2007-11-05,3346.13,3346.13,3273.73,3297.9,850609
2007-11-06,3281.8,3434.6,3281.8,3394.43,1198218
2007-11-07,3410.45,3410.45,3297.9,3322.06,816671
2007-11-08,3217.46,3241.61,3145.08,3177.21,967970
2007-11-09,3185.25,3305.95,3177.21,3193.31,922098
2007-11-12,3137.03,3169.16,3096.76,3145.08,918989
2007-11-13,3120.92,3145.08,2968.12,3048.54,1215622
2007-11-14,3088.71,3185.25,3080.75,3145.08,939503
2007-11-15,3128.99,3128.99,3064.65,3072.7,1053504
2007-11-16,3032.43,3040.48,2952,2992.27,872367
2007-11-19,2976.16,2984.21,2799.18,2847.41,1686678
2007-11-20,2742.91,2863.52,2710.69,2847.41,1255530
2007-11-21,2831.4,2887.68,2791.15,2823.34,773657
2007-11-22,2766.99,2799.18,2718.75,2783.08,1143763
2007-11-26,2783.08,2911.83,2750.96,2863.52,992588
2007-11-27,2823.34,2911.83,2815.28,2895.72,687874
2007-11-28,2903.78,2903.78,2831.4,2855.47,737354
2007-11-29,2968.12,3032.43,2943.95,3032.43,979409
2007-11-30,3000.25,3088.71,3000.25,3072.7,1075386
2007-12-03,3080.75,3104.83,3016.34,3016.34,781239
2007-12-04,3016.34,3048.54,2935.9,2968.12,1048656
2007-12-05,2927.84,2935.9,2879.62,2911.83,1079116
2007-12-06,2952,3000.25,2919.79,3000.25,704905
2007-12-07,3040.48,3112.88,3040.48,3080.75,960138
2007-12-10,3080.75,3112.88,3024.4,3072.7,697695
2007-12-11,3120.92,3177.21,3096.76,3161.18,1133321
2007-12-12,3137.03,3185.25,3104.83,3177.21,803618
2007-12-13,3185.25,3185.25,3080.75,3104.83,1273926
2007-12-14,3112.88,3145.08,3008.28,3048.54,1509021
2007-12-17,3008.28,3104.83,3008.28,3040.48,959145
2007-12-18,3064.65,3161.18,3064.65,3145.08,1448352
2007-12-19,3153.13,3153.13,3064.65,3080.75,897233
2007-12-20,3104.83,3104.83,3040.48,3040.48,545026
2007-12-21,3040.48,3201.36,3032.43,3201.36,931420
2007-12-25,3177.21,3265.68,3145.08,3241.61,1319554
2007-12-26,3241.61,3281.8,3201.36,3265.68,754636
2007-12-27,3273.73,3297.9,3225.51,3249.58,1115295
2007-12-28,3201.36,3225.51,3145.08,3217.46,234596
2008-01-04,3145.08,3153.13,2976.16,3008.28,717961
2008-01-07,2943.95,3016.34,2927.84,2992.27,1074020
2008-01-08,2992.27,3080.75,2960.05,3064.65,854589
2008-01-09,3024.4,3137.03,2984.21,3137.03,899594
2008-01-10,3217.46,3241.61,3128.99,3137.03,1371522
2008-01-11,3153.13,3169.16,3016.34,3024.4,1327760
2008-01-15,3048.54,3080.75,2943.95,2952,1041197
2008-01-16,2863.52,2887.68,2766.99,2791.15,1520209
2008-01-17,2815.28,2927.84,2791.15,2911.83,1338823
2008-01-18,2855.47,2943.95,2807.23,2935.9,2006309
2008-01-21,2927.84,2927.84,2831.4,2863.52,1043560
2008-01-22,2702.65,2726.81,2598.06,2606.09,1935818
2008-01-23,2726.81,2766.99,2590.01,2686.56,1589709
2008-01-24,2799.18,2919.79,2766.99,2887.68,1955462
2008-01-25,3024.4,3120.92,3016.34,3104.83,1803789
2008-01-28,3072.7,3072.7,2847.41,2863.52,1431816
2008-01-29,2976.16,3016.34,2879.62,2935.9,1177952
2008-01-30,2927.84,2952,2831.4,2863.52,1428958
2008-01-31,2783.08,2895.72,2783.08,2863.52,1605745
2008-02-01,2935.9,3024.4,2887.68,2887.68,1174470
2008-02-04,2992.27,3024.4,2935.9,3008.28,919735
2008-02-05,2960.05,3024.4,2911.83,2952,576978
2008-02-06,2831.4,2831.4,2742.91,2766.99,961383
2008-02-07,2775.04,2783.08,2646.36,2775.04,1361698
2008-02-08,2815.28,2863.52,2766.99,2799.18,1546069
2008-02-12,2815.28,2863.52,2791.15,2831.4,1105223
2008-02-13,2887.68,2919.79,2879.62,2895.72,940621
2008-02-14,2992.27,3056.6,2968.12,3032.43,1442261
2008-02-15,3008.28,3080.75,2919.79,3064.65,914018
2008-02-18,3040.48,3169.16,3040.48,3153.13,1452704
2008-02-19,3161.18,3169.16,2984.21,3024.4,1616809
2008-02-20,3024.4,3024.4,2863.52,2879.62,1460786
2008-02-21,2911.83,2943.95,2863.52,2927.84,1414411
2008-02-22,2895.72,2911.83,2863.52,2903.78,864164
2008-02-25,2935.9,3048.54,2927.84,3024.4,995819
2008-02-26,3096.76,3112.88,3016.34,3040.48,987862
2008-02-27,3120.92,3128.99,3064.65,3128.99,892757
2008-02-28,3072.7,3145.08,3072.7,3112.88,1030382
2008-02-29,3048.54,3056.6,2984.21,3032.43,1456806
2008-03-03,2927.84,2952,2903.78,2919.79,664253
2008-03-04,2952,3016.34,2927.84,2984.21,1322041
2008-03-05,3024.4,3032.43,2960.05,2976.16,900715
2008-03-06,3016.34,3153.13,2992.27,3128.99,1355358
2008-03-07,3040.48,3072.7,3000.25,3008.28,777012
2008-03-10,2976.16,2984.21,2871.55,2895.72,994825
2008-03-11,2815.28,2919.79,2783.08,2887.68,1314954
2008-03-12,3048.54,3048.54,2935.9,2968.12,863541
2008-03-13,2911.83,2976.16,2871.55,2911.83,962376
2008-03-14,2903.78,2943.95,2823.34,2847.41,1585479
2008-03-17,2758.92,2791.15,2686.56,2750.96,1229794
2008-03-18,2734.86,2791.15,2638.31,2710.69,1382584
2008-03-19,2766.99,2799.18,2726.81,2758.92,1402975
2008-03-21,2557.89,2573.99,2453.31,2517.62,2404265
2008-03-24,2517.62,2646.36,2517.62,2622.21,1571680
2008-03-25,2654.42,2726.81,2622.21,2678.5,1257890
2008-03-26,2718.75,2775.04,2686.56,2734.86,945594
2008-03-27,2734.86,2734.86,2678.5,2726.81,804985
2008-03-28,2702.65,2807.23,2638.31,2775.04,1072524
2008-03-31,2734.86,2734.86,2638.31,2702.65,929805
2008-04-01,2726.81,2783.08,2702.65,2710.69,629316
2008-04-02,2799.18,2807.23,2726.81,2758.92,893752
2008-04-03,2742.91,2815.28,2734.86,2799.18,811202
2008-04-04,2855.47,2855.47,2758.92,2775.04,440970
2008-04-07,2823.34,2895.72,2799.18,2847.41,909789
2008-04-08,2815.28,2863.52,2799.18,2807.23,675567
2008-04-09,2831.4,2839.36,2726.81,2766.99,699686
2008-04-10,2710.69,2718.75,2638.31,2670.45,889525
2008-04-11,2742.91,2758.92,2686.56,2734.86,1033863
2008-04-14,2654.42,2694.59,2630.26,2678.5,714976
2008-04-15,2670.45,2742.91,2662.47,2718.75,639884
2008-04-16,2750.96,2750.96,2670.45,2694.59,976550
2008-04-17,2766.99,2799.18,2726.81,2766.99,661766
2008-04-18,2766.99,2823.34,2766.99,2807.23,512579
2008-04-21,2847.41,2935.9,2815.28,2927.84,1042813
2008-04-22,2887.68,2903.78,2839.36,2839.36,563178
2008-04-23,2839.36,2919.79,2823.34,2879.62,705278
2008-04-24,2871.55,2871.55,2807.23,2807.23,628447
2008-04-25,2863.52,2911.83,2863.52,2879.62,683897
2008-04-28,2935.9,2976.16,2871.55,2927.84,583440
2008-04-30,2960.05,3008.28,2935.9,2952,659031
2008-05-01,2935.9,3008.28,2919.79,2992.27,762218
2008-05-02,3024.4,3048.54,3008.28,3040.48,495798
2008-05-07,3040.48,3048.54,2960.05,2968.12,852478
2008-05-08,2927.84,2927.84,2533.72,2614.17,4018213
2008-05-09,2573.99,2638.31,2549.83,2582.04,3239210
2008-05-12,2557.89,2565.95,2493.55,2549.83,1572799
2008-05-13,2549.83,2549.83,2501.61,2541.78,1622525
2008-05-14,2541.78,2573.99,2525.68,2565.95,1650623
2008-05-15,2598.06,2654.42,2598.06,2614.17,1970630
2008-05-16,2638.31,2646.36,2582.04,2614.17,1396385
2008-05-19,2638.31,2718.75,2614.17,2710.69,1359212
2008-05-20,2694.59,2710.69,2646.36,2678.5,729895
2008-05-21,2638.31,2654.42,2590.01,2606.09,883433
2008-05-22,2582.04,2654.42,2557.89,2654.42,1047664
2008-05-23,2638.31,2638.31,2565.95,2573.99,1358093
2008-05-26,2557.89,2557.89,2517.62,2525.68,986868
2008-05-27,2549.83,2557.89,2517.62,2533.72,539682
2008-05-28,2565.95,2573.99,2501.61,2517.62,914514
2008-05-29,2533.72,2590.01,2509.57,2590.01,1018819
2008-05-30,2590.01,2606.09,2573.99,2590.01,723182
2008-06-02,2598.06,2638.31,2582.04,2630.26,880451
2008-06-03,2590.01,2614.17,2582.04,2614.17,827239
2008-06-04,2606.09,2646.36,2598.06,2638.31,957033
2008-06-05,2638.31,2662.47,2614.17,2622.21,1244216
2008-06-06,2662.47,2670.45,2606.09,2606.09,1053133
2008-06-09,2549.83,2590.01,2541.78,2565.95,658908
2008-06-10,2573.99,2582.04,2477.45,2485.5,1101120
2008-06-11,2501.61,2517.62,2461.35,2501.61,1140654
2008-06-12,2477.45,2485.5,2429.14,2453.31,700430
2008-06-13,2493.55,2509.57,2437.18,2469.4,1424234
2008-06-16,2469.4,2477.45,2397,2469.4,1630733
2008-06-17,2453.31,2461.35,2413.12,2453.31,1202814
2008-06-18,2437.18,2453.31,2421.17,2445.23,1006636
2008-06-19,2421.17,2429.14,2397,2421.17,814556
2008-06-20,2413.12,2421.17,2300.48,2308.52,2130632
2008-06-23,2252.26,2316.58,2220.05,2308.52,1556141
2008-06-24,2268.27,2284.35,2252.26,2260.22,813812
2008-06-25,2268.27,2268.27,2187.84,2244.21,2111860
2008-06-26,2244.21,2252.26,2147.66,2147.66,2118075
2008-06-27,2075.27,2147.66,2067.22,2139.61,1464016
2008-06-30,2131.55,2308.52,2123.49,2268.27,4199351
2008-07-01,2469.4,2501.61,2332.68,2348.72,8529736
2008-07-02,2388.96,2397,2292.42,2324.63,2400162
2008-07-03,2268.27,2292.42,2220.05,2276.32,1874155
2008-07-04,2300.48,2316.58,2260.22,2284.35,890893
2008-07-07,2405.07,2437.18,2332.68,2372.86,3716982
2008-07-08,2356.76,2356.76,2228.08,2252.26,2255203
2008-07-09,2284.35,2324.63,2252.26,2268.27,1541592
2008-07-10,2228.08,2308.52,2212,2284.35,1626381
2008-07-11,2316.58,2316.58,2260.22,2276.32,1109575
2008-07-14,2252.26,2284.35,2228.08,2236.13,973444
2008-07-15,2212,2220.05,2155.72,2171.8,829477
2008-07-16,2139.61,2195.9,2131.55,2171.8,1311225
2008-07-17,2212,2220.05,2155.72,2171.8,1057482
2008-07-18,2187.84,2203.94,2139.61,2139.61,919359
2008-07-22,2155.72,2236.13,2139.61,2236.13,827488
2008-07-23,2252.26,2284.35,2236.13,2260.22,1218855
2008-07-24,2292.42,2324.63,2276.32,2316.58,1215993
2008-07-25,2276.32,2292.42,2236.13,2244.21,640384
2008-07-28,2268.27,2284.35,2179.78,2195.9,1192250
2008-07-29,2155.72,2163.77,2123.49,2155.72,1127106
2008-07-30,2187.84,2203.94,2171.8,2203.94,696204
2008-07-31,2212,2244.21,2171.8,2236.13,917746
2008-08-01,2195.9,2212,2147.66,2155.72,645357
2008-08-04,2155.72,2155.72,2018.91,2026.97,1844315
2008-08-05,2026.97,2035.03,1946.53,1978.74,962874
2008-08-06,1994.84,2083.33,1962.62,2075.27,1705700
2008-08-07,2083.33,2147.66,2067.22,2147.66,1518221
2008-08-08,1825.93,2099.35,1825.93,1994.84,4861489
2008-08-11,2067.22,2171.8,2018.91,2147.66,3028486
2008-08-12,2187.84,2220.05,2115.45,2147.66,2464313
2008-08-13,2171.8,2236.13,2147.66,2228.08,2568991
2008-08-14,2212,2244.21,2187.84,2236.13,1459418
2008-08-15,2244.21,2332.68,2236.13,2332.68,1568572
2008-08-18,2308.52,2364.81,2292.42,2316.58,1065564
2008-08-19,2276.32,2316.58,2260.22,2300.48,856579
2008-08-20,2292.42,2364.81,2276.32,2348.72,1740136
2008-08-21,2388.96,2397,2316.58,2324.63,1559868
2008-08-22,2340.74,2348.72,2292.42,2292.42,897730
2008-08-25,2316.58,2356.76,2308.52,2324.63,995570
2008-08-26,2284.35,2340.74,2268.27,2332.68,712862
2008-08-27,2324.63,2372.86,2292.42,2372.86,1387932
2008-08-28,2372.86,2372.86,2324.63,2356.76,884676
2008-08-29,2372.86,2380.91,2340.74,2348.72,1250058
2008-09-01,2300.48,2308.52,2187.84,2195.9,1930474
2008-09-02,2163.77,2236.13,2139.61,2163.77,1837978
2008-09-03,2171.8,2203.94,2147.66,2163.77,829352
2008-09-04,2171.8,2195.9,2139.61,2147.66,753268
2008-09-05,2051.13,2091.38,2035.03,2059.17,1059847
2008-09-08,2107.39,2228.08,2107.39,2220.05,1126731
2008-09-09,2187.84,2195.9,2091.38,2115.45,854216
2008-09-10,2051.13,2091.38,2002.89,2035.03,1192872
2008-09-11,1978.74,2010.93,1954.58,1970.68,771667
2008-09-12,2002.89,2018.91,1914.4,1954.58,1397380
2008-09-16,1793.71,1850,1785.66,1817.87,1416898
2008-09-17,1858.05,1866.1,1801.75,1817.87,1005890
2008-09-18,1785.66,1914.4,1761.6,1882.21,1811372
2008-09-19,1898.31,1954.58,1890.25,1938.48,858816
2008-09-22,1986.79,2010.93,1962.62,1978.74,716841
2008-09-24,1962.62,1970.68,1914.4,1954.58,616264
2008-09-25,1890.25,1986.79,1890.25,1978.74,725668
2008-09-26,1954.58,1962.62,1850,1882.21,760477
2008-09-29,1922.45,1930.53,1793.71,1809.82,694588
2008-09-30,1697.18,1785.66,1689.13,1745.48,603709
2008-10-01,1825.93,1825.93,1777.62,1809.82,886168
2008-10-02,1817.87,1825.93,1673.1,1681.15,720694
2008-10-03,1640.89,1681.15,1616.74,1656.99,778754
2008-10-06,1624.8,1624.8,1496.12,1512.24,763214
2008-10-07,1270.93,1455.87,1270.93,1431.8,957033
2008-10-08,1351.38,1391.53,1246.78,1246.78,1316447
2008-10-09,1238.74,1311.11,1214.57,1246.78,1733920
2008-10-10,1109.99,1254.83,1093.96,1214.57,1149232
2008-10-14,1480.01,1480.01,1423.75,1463.93,923340
2008-10-15,1415.7,1431.8,1351.38,1399.6,923215
2008-10-16,1246.78,1303.06,1238.74,1246.78,852351
2008-10-17,1295,1319.15,1270.93,1286.96,698317
2008-10-20,1319.15,1359.34,1278.89,1319.15,1075012
2008-10-21,1367.38,1375.44,1335.26,1367.38,807349
2008-10-22,1335.26,1335.26,1295,1295,728776
2008-10-23,1230.68,1246.78,1174.4,1230.68,1425229
2008-10-24,1230.68,1230.68,1069.8,1077.85,1449721
2008-10-27,1093.96,1134.14,973.27,997.42,1536746
2008-10-28,965.21,1069.8,949.12,1053.71,1451957
2008-10-29,1198.48,1198.48,1045.65,1102.01,1384574
2008-10-30,1109.99,1238.74,1085.92,1238.74,1275294
2008-10-31,1206.53,1238.74,1166.33,1166.33,1138418
2008-11-04,1254.83,1303.06,1214.57,1295,866897
2008-11-05,1343.3,1383.49,1327.21,1367.38,1029387
2008-11-06,1286.96,1311.11,1230.68,1254.83,997312
2008-11-07,1053.71,1134.14,1045.65,1085.92,2360503
2008-11-10,1126.08,1150.24,1093.96,1102.01,1604127
2008-11-11,1102.01,1118.03,1085.92,1085.92,943729
2008-11-12,1061.76,1085.92,1053.71,1069.8,774899
2008-11-13,1045.65,1053.71,1013.53,1013.53,941365
2008-11-14,1053.71,1069.8,1005.48,1021.57,974314
2008-11-17,1005.48,1037.6,981.31,997.42,814556
2008-11-18,997.42,1013.53,965.21,973.27,1227184
2008-11-19,973.27,989.37,933.08,949.12,936767
2008-11-20,925.05,925.05,900.89,900.89,764083
2008-11-21,876.72,925.05,860.71,916.99,1240611
2008-11-25,981.31,981.31,916.99,957.16,865035
2008-11-26,933.08,957.16,916.99,949.12,647592
2008-11-27,989.37,1021.57,981.31,1021.57,1083218
2008-11-28,1021.57,1142.19,1021.57,1126.08,2659374
2008-12-01,1109.99,1150.24,1085.92,1093.96,1485524
2008-12-02,1021.57,1045.65,989.37,989.37,1309733
2008-12-03,1029.54,1029.54,997.42,1005.48,739218
2008-12-04,1013.53,1021.57,989.37,989.37,714232
2008-12-05,989.37,1005.48,989.37,989.37,670592
2008-12-08,1005.48,1085.92,997.42,1077.85,1257394
2008-12-09,1093.96,1102.01,1069.8,1077.85,881194
2008-12-10,1077.85,1126.08,1077.85,1126.08,813563
2008-12-11,1126.08,1126.08,1093.96,1102.01,1049774
2008-12-12,1053.71,1102.01,1037.6,1053.71,1509147
2008-12-15,1077.85,1102.01,1077.85,1085.92,665124
2008-12-16,1077.85,1102.01,1069.8,1069.8,835692
2008-12-17,1085.92,1109.99,1053.71,1077.85,733874
2008-12-18,1053.71,1085.92,1013.53,1029.54,1513995
2008-12-19,1029.54,1061.76,1013.53,1029.54,978414
2008-12-22,1021.57,1029.54,997.42,1021.57,1017452
2008-12-24,1021.57,1021.57,1005.48,1013.53,565913
2008-12-25,997.42,997.42,973.27,989.37,335918
2008-12-26,981.31,1005.48,981.31,997.42,291906
2008-12-29,1013.53,1021.57,981.31,1013.53,637026
2008-12-30,989.37,1021.57,989.37,1021.57,280346
2009-01-05,1053.71,1069.8,1037.6,1045.65,547265
2009-01-06,1045.65,1077.85,1029.54,1069.8,1194237
2009-01-07,1085.92,1158.27,1085.92,1126.08,2475625
2009-01-08,1093.96,1109.99,1053.71,1053.71,1312964
2009-01-09,1077.85,1077.85,1037.6,1061.76,1156691
2009-01-13,1021.57,1029.54,1005.48,1005.48,876967
2009-01-14,1021.57,1045.65,1013.53,1029.54,769056
2009-01-15,1005.48,1029.54,989.37,1013.53,780246
2009-01-16,1045.65,1053.71,1029.54,1045.65,739342
2009-01-19,1053.71,1061.76,1021.57,1021.57,534214
2009-01-20,1085.92,1118.03,1037.6,1053.71,4220610
2009-01-21,1029.54,1045.65,1005.48,1013.53,1146748
2009-01-22,1029.54,1037.6,989.37,1005.48,865903
2009-01-23,997.42,997.42,965.21,965.21,1066684
2009-01-26,973.27,973.27,933.08,941.14,776393
2009-01-27,957.16,997.42,949.12,989.37,808963
2009-01-28,973.27,997.42,965.21,997.42,509969
2009-01-29,1053.71,1061.76,1005.48,1021.57,1219352
2009-01-30,989.37,997.42,973.27,981.31,693220
2009-02-02,973.27,997.42,949.12,949.12,778630
2009-02-03,965.21,1005.48,957.16,973.27,756003
2009-02-04,973.27,1005.48,973.27,997.42,443332
2009-02-05,989.37,1029.54,981.31,1005.48,751403
2009-02-06,1013.53,1029.54,981.31,997.42,684890
2009-02-09,1021.57,1029.54,981.31,989.37,768435
2009-02-10,1005.48,1021.57,957.16,957.16,1263361
2009-02-12,949.12,965.21,941.14,949.12,446687
2009-02-13,973.27,1037.6,965.21,1029.54,1619171
2009-02-16,981.31,997.42,973.27,989.37,1151099
2009-02-17,989.37,1005.48,949.12,949.12,805857
2009-02-18,949.12,997.42,941.14,997.42,804239
2009-02-19,981.31,997.42,965.21,973.27,599358
2009-02-20,981.31,989.37,957.16,957.16,372095
2009-02-23,957.16,981.31,941.14,973.27,665373
2009-02-24,933.08,941.14,916.99,925.05,947707
2009-02-25,957.16,957.16,900.89,925.05,772786
2009-02-26,925.05,941.14,908.94,925.05,514694
2009-02-27,916.99,949.12,916.99,941.14,691854
2009-03-02,908.94,925.05,908.94,908.94,473666
2009-03-03,892.84,900.89,868.68,892.84,826619
2009-03-04,884.8,884.8,868.68,876.72,850114
2009-03-05,900.89,957.16,900.89,941.14,1652861
2009-03-06,908.94,925.05,884.8,892.84,1192000
2009-03-09,900.89,908.94,884.8,900.89,568029
2009-03-10,892.84,916.99,892.84,900.89,561812
2009-03-11,925.05,941.14,916.99,941.14,491819
2009-03-12,925.05,949.12,908.94,916.99,909789
2009-03-13,933.08,957.16,933.08,957.16,885796
2009-03-16,949.12,981.31,949.12,973.27,572255
2009-03-17,989.37,1013.53,981.31,989.37,1223207
2009-03-18,1005.48,1013.53,965.21,973.27,870754
2009-03-19,973.27,981.31,925.05,925.05,1141152
2009-03-23,925.05,957.16,908.94,957.16,1400488
2009-03-24,981.31,1029.54,981.31,1021.57,1294941
2009-03-25,1021.57,1061.76,1005.48,1061.76,1193741
2009-03-26,1045.65,1061.76,1005.48,1029.54,1088565
2009-03-27,1069.8,1085.92,1053.71,1053.71,1009494
2009-03-30,1061.76,1069.8,1005.48,1005.48,890768
2009-03-31,1005.48,1021.57,965.21,973.27,1373138
2009-04-01,997.42,1037.6,981.31,1029.54,858072
2009-04-02,1053.71,1102.01,1045.65,1085.92,1819702
2009-04-03,1142.19,1150.24,1077.85,1085.92,1695754
2009-04-06,1102.01,1134.14,1102.01,1118.03,1640057
2009-04-07,1126.08,1126.08,1077.85,1085.92,901955
2009-04-08,1069.8,1077.85,1037.6,1053.71,1217734
2009-04-09,1061.76,1142.19,1061.76,1126.08,1750703
2009-04-10,1166.33,1174.4,1134.14,1150.24,1411181
2009-04-13,1166.33,1303.06,1150.24,1295,2464559
2009-04-14,1286.96,1286.96,1222.62,1278.89,2124166
2009-04-15,1238.74,1254.83,1214.57,1222.62,1391164
2009-04-16,1246.78,1254.83,1150.24,1174.4,2056536
2009-04-17,1206.53,1222.62,1190.5,1214.57,898601
2009-04-20,1270.93,1278.89,1230.68,1262.88,1719995
2009-04-21,1198.48,1222.62,1182.44,1214.57,1454322
2009-04-22,1254.83,1303.06,1222.62,1270.93,3388024
2009-04-23,1351.38,1359.34,1278.89,1311.11,3220937
2009-04-24,1319.15,1319.15,1262.88,1270.93,1786757
2009-04-27,1303.06,1303.06,1246.78,1254.83,845763
2009-04-28,1230.68,1246.78,1182.44,1182.44,1193865
2009-04-30,1214.57,1230.68,1182.44,1190.5,1083218
2009-05-01,1093.96,1118.03,1053.71,1102.01,3306597
2009-05-07,1158.27,1166.33,1109.99,1126.08,2233942
2009-05-08,1102.01,1118.03,1085.92,1085.92,2640973
2009-05-11,1102.01,1134.14,1093.96,1126.08,2298964
2009-05-12,1126.08,1166.33,1118.03,1134.14,2399663
2009-05-13,1158.27,1174.4,1134.14,1150.24,1387186
2009-05-14,1126.08,1126.08,1109.99,1118.03,841659
2009-05-15,1118.03,1126.08,1102.01,1109.99,1063202
2009-05-18,1102.01,1102.01,1085.92,1085.92,910287
2009-05-19,1118.03,1142.19,1102.01,1118.03,1353122
2009-05-20,1118.03,1126.08,1109.99,1109.99,575112
2009-05-21,1093.96,1102.01,1077.85,1077.85,1066559
2009-05-22,1069.8,1085.92,1061.76,1085.92,967352
2009-05-25,1085.92,1093.96,1069.8,1069.8,873861
2009-05-26,1069.8,1085.92,1061.76,1069.8,625588
2009-05-27,1093.96,1102.01,1069.8,1077.85,848375
2009-05-28,1069.8,1093.96,1069.8,1085.92,1116784
2009-05-29,1102.01,1150.24,1093.96,1134.14,2622700
2009-06-01,1150.24,1166.33,1142.19,1158.27,1637571
2009-06-02,1182.44,1198.48,1166.33,1182.44,2089356
2009-06-03,1198.48,1238.74,1198.48,1222.62,2452626
2009-06-04,1222.62,1222.62,1190.5,1206.53,1070290
2009-06-05,1222.62,1254.83,1222.62,1238.74,1528789
2009-06-08,1262.88,1295,1254.83,1262.88,1608603
2009-06-09,1254.83,1303.06,1246.78,1295,2217532
2009-06-10,1295,1303.06,1270.93,1295,1538982
2009-06-11,1303.06,1311.11,1254.83,1262.88,1726212
2009-06-12,1286.96,1286.96,1254.83,1270.93,1443130
2009-06-15,1270.93,1278.89,1262.88,1270.93,904442
2009-06-16,1246.78,1246.78,1198.48,1198.48,1344298
2009-06-17,1182.44,1230.68,1174.4,1222.62,1534010
2009-06-18,1222.62,1327.21,1198.48,1311.11,4541736
2009-06-19,1303.06,1311.11,1254.83,1295,1944272
2009-06-22,1295,1367.38,1295,1351.38,5362010
2009-06-23,1319.15,1327.21,1278.89,1278.89,2547112
2009-06-24,1311.11,1375.44,1286.96,1327.21,3263827
2009-06-25,1367.38,1399.6,1343.3,1359.34,2915475
2009-06-26,1375.44,1383.49,1319.15,1335.26,2652413
2009-06-29,1367.38,1431.8,1343.3,1367.38,4758800
2009-06-30,1407.66,1415.7,1375.44,1391.53,2274224
2009-07-01,1383.49,1391.53,1367.38,1367.38,1461158
2009-07-02,1383.49,1439.77,1375.44,1415.7,3035572
2009-07-03,1391.53,1455.87,1383.49,1447.81,3204525
2009-07-06,1463.93,1480.01,1399.6,1423.75,2984599
2009-07-07,1415.7,1423.75,1335.26,1359.34,2656640
2009-07-08,1319.15,1335.26,1303.06,1311.11,1624393
2009-07-09,1303.06,1311.11,1262.88,1295,1937684
2009-07-10,1295,1327.21,1278.89,1278.89,944476
2009-07-13,1270.93,1295,1206.53,1214.57,1780167
2009-07-14,1254.83,1295,1254.83,1270.93,987615
2009-07-15,1278.89,1303.06,1270.93,1278.89,799019
2009-07-16,1335.26,1359.34,1319.15,1343.3,1871793
2009-07-17,1375.44,1383.49,1311.11,1343.3,1546941
2009-07-21,1375.44,1375.44,1335.26,1359.34,1106343
2009-07-22,1351.38,1391.53,1327.21,1391.53,1359461
2009-07-23,1375.44,1455.87,1375.44,1439.77,2229594
2009-07-24,1471.98,1488.08,1415.7,1431.8,2273851
2009-07-27,1463.93,1463.93,1431.8,1439.77,1160296
2009-07-28,1439.77,1439.77,1399.6,1407.66,1355233
2009-07-29,1391.53,1439.77,1375.44,1415.7,1735163
2009-07-30,1431.8,1439.77,1407.66,1423.75,912524
2009-07-31,1367.38,1447.81,1359.34,1415.7,3279618
2009-08-03,1423.75,1496.12,1415.7,1496.12,2222257
2009-08-04,1520.23,1536.31,1471.98,1480.01,1678348
2009-08-05,1496.12,1496.12,1431.8,1439.77,1176336
2009-08-06,1463.93,1496.12,1455.87,1488.08,983636
2009-08-07,1496.12,1496.12,1455.87,1488.08,801629
2009-08-10,1520.23,1520.23,1496.12,1504.18,577104
2009-08-11,1504.18,1528.26,1496.12,1528.26,631805
2009-08-12,1488.08,1520.23,1480.01,1512.24,986496
2009-08-13,1496.12,1504.18,1463.93,1480.01,1336462
2009-08-14,1488.08,1496.12,1471.98,1480.01,769306
2009-08-17,1480.01,1512.24,1471.98,1488.08,1207416
2009-08-18,1480.01,1496.12,1455.87,1480.01,974933
2009-08-19,1504.18,1544.37,1496.12,1512.24,1350634
2009-08-20,1512.24,1568.51,1504.18,1560.47,1560491
2009-08-21,1544.37,1568.51,1496.12,1528.26,1634338
2009-08-24,1568.51,1584.61,1544.37,1568.51,1124121
2009-08-25,1552.41,1584.61,1536.31,1560.47,952306
2009-08-26,1560.47,1632.85,1560.47,1624.8,2035896
2009-08-27,1624.8,1624.8,1576.58,1584.61,1696125
2009-08-28,1616.74,1665.06,1600.72,1616.74,2438206
2009-08-31,1689.13,1713.28,1592.67,1616.74,3262461
2009-09-01,1632.85,1713.28,1624.8,1705.22,3033831
2009-09-02,1697.18,1745.48,1673.1,1745.48,4106729
2009-09-03,1729.39,1753.54,1665.06,1681.15,3100717
2009-09-04,1681.15,1713.28,1608.7,1624.8,2429625
2009-09-07,1665.06,1697.18,1616.74,1648.95,2670188
2009-09-08,1656.99,1673.1,1624.8,1665.06,1256400
2009-09-09,1681.15,1721.34,1656.99,1681.15,1973364
2009-09-10,1697.18,1713.28,1673.1,1713.28,1489376
2009-09-11,1729.39,1729.39,1665.06,1665.06,1984802
2009-09-14,1640.89,1648.95,1592.67,1600.72,1811248
2009-09-15,1600.72,1624.8,1576.58,1584.61,1372641
2009-09-16,1592.67,1665.06,1584.61,1648.95,2353416
2009-09-17,1673.1,1697.18,1656.99,1681.15,1646893
2009-09-18,1681.15,1689.13,1624.8,1640.89,1659204
2009-09-24,1681.15,1705.22,1665.06,1697.18,1805653
2009-09-25,1681.15,1697.18,1656.99,1665.06,1457801
2009-09-28,1624.8,1632.85,1480.01,1488.08,4417165
2009-09-29,1520.23,1528.26,1399.6,1407.66,4816984
2009-09-30,1447.81,1488.08,1415.7,1471.98,5237440
2009-10-01,1431.8,1447.81,1383.49,1391.53,1640306
2009-10-02,1335.26,1375.44,1327.21,1375.44,1911080
2009-10-05,1351.38,1359.34,1335.26,1343.3,939626
2009-10-06,1367.38,1399.6,1351.38,1375.44,1425975
2009-10-07,1431.8,1520.23,1431.8,1520.23,3695472
2009-10-08,1496.12,1544.37,1471.98,1528.26,2648683
2009-10-09,1520.23,1552.41,1512.24,1536.31,1988656
2009-10-13,1544.37,1560.47,1463.93,1463.93,4076771
2009-10-14,1439.77,1447.81,1415.7,1423.75,4559760
2009-10-15,1423.75,1431.8,1415.7,1415.7,2551089
2009-10-16,1423.75,1423.75,1415.7,1415.7,3626598
2009-10-19,1383.49,1447.81,1383.49,1439.77,2049822
2009-10-20,1439.77,1447.81,1423.75,1431.8,1139785
2009-10-21,1423.75,1439.77,1415.7,1415.7,1972243
2009-10-22,1407.66,1431.8,1407.66,1431.8,5685126
2009-10-23,1431.8,1447.81,1415.7,1423.75,3360052
2009-10-26,1423.75,1439.77,1415.7,1439.77,2070335
2009-10-27,1447.81,1447.81,1423.75,1431.8,2509069
2009-10-28,1431.8,1431.8,1359.34,1383.49,1756174
2009-10-29,1343.3,1359.34,1303.06,1359.34,2273728
2009-10-30,1391.53,1431.8,1383.49,1431.8,1666661
2009-11-02,1415.7,1423.75,1391.53,1399.6,2000218
2009-11-04,1415.7,1423.75,1407.66,1415.7,840297
2009-11-05,1423.75,1431.8,1415.7,1415.7,1589830
2009-11-06,1415.7,1423.75,1391.53,1415.7,1169375
2009-11-09,1407.66,1407.66,1375.44,1383.49,747425
2009-11-10,1391.53,1415.7,1383.49,1415.7,1064694
2009-11-11,1391.53,1399.6,1375.44,1391.53,518299
2009-11-12,1399.6,1407.66,1335.26,1351.38,1091298
2009-11-13,1327.21,1343.3,1303.06,1335.26,826244
2009-11-16,1343.3,1343.3,1286.96,1303.06,1444872
2009-11-17,1295,1311.11,1254.83,1262.88,1129962
2009-11-18,1222.62,1246.78,1166.33,1190.5,2225490
2009-11-19,1198.48,1198.48,1158.27,1182.44,1202445
2009-11-20,1182.44,1238.74,1174.4,1222.62,1693016
2009-11-24,1262.88,1278.89,1222.62,1230.68,1381592
2009-11-25,1222.62,1246.78,1206.53,1238.74,1056986
2009-11-26,1246.78,1278.89,1238.74,1262.88,1177579
2009-11-27,1222.62,1238.74,1182.44,1190.5,1768728
2009-11-30,1206.53,1238.74,1198.48,1230.68,1270199
2009-12-01,1214.57,1278.89,1206.53,1262.88,1246454
2009-12-02,1286.96,1319.15,1270.93,1270.93,1765497
2009-12-03,1286.96,1351.38,1286.96,1335.26,1543458
2009-12-04,1343.3,1375.44,1319.15,1359.34,1698985
2009-12-07,1423.75,1431.8,1391.53,1399.6,1482667
2009-12-08,1383.49,1447.81,1375.44,1407.66,3461376
2009-12-09,1383.49,1391.53,1343.3,1359.34,1861972
2009-12-10,1367.38,1383.49,1311.11,1319.15,1650376
2009-12-11,1351.38,1391.53,1335.26,1383.49,1930100
2009-12-14,1415.7,1423.75,1383.49,1415.7,1784892
2009-12-15,1407.66,1431.8,1399.6,1423.75,1296803
2009-12-16,1423.75,1431.8,1407.66,1415.7,777137
2009-12-17,1415.7,1431.8,1407.66,1431.8,1335966
2009-12-18,1415.7,1423.75,1383.49,1423.75,1365055
2009-12-21,1415.7,1415.7,1399.6,1415.7,672209
2009-12-22,1423.75,1455.87,1415.7,1447.81,2937483
2009-12-24,1463.93,1471.98,1439.77,1455.87,1893427
2009-12-25,1471.98,1471.98,1447.81,1455.87,737728
2009-12-28,1447.81,1463.93,1431.8,1431.8,1122005
2009-12-29,1431.8,1447.81,1415.7,1431.8,1140532
2009-12-30,1471.98,1512.24,1471.98,1488.08,4626895
2010-01-04,1504.18,1552.41,1496.12,1536.31,3493078
2010-01-05,1560.47,1576.58,1512.24,1528.26,2868483
2010-01-06,1528.26,1528.26,1504.18,1512.24,1425975
2010-01-07,1504.18,1544.37,1504.18,1528.26,1592439
2010-01-08,1528.26,1544.37,1520.23,1536.31,1388429
2010-01-12,1528.26,1552.41,1512.24,1552.41,1816594
2010-01-13,1528.26,1552.41,1520.23,1528.26,996441
2010-01-14,1536.31,1560.47,1528.26,1560.47,1775320
2010-01-15,1560.47,1568.51,1528.26,1552.41,1493359
2010-01-18,1544.37,1544.37,1528.26,1536.31,574491
2010-01-19,1536.31,1544.37,1504.18,1512.24,1024166
2010-01-20,1584.61,1592.67,1520.23,1520.23,4716530
2010-01-21,1512.24,1560.47,1512.24,1552.41,2339121
2010-01-22,1520.23,1528.26,1496.12,1512.24,2099553
2010-01-25,1488.08,1504.18,1471.98,1488.08,1323035
2010-01-26,1504.18,1512.24,1471.98,1471.98,1342927
2010-01-27,1488.08,1496.12,1447.81,1447.81,1611586
2010-01-28,1471.98,1512.24,1463.93,1496.12,1856253
2010-01-29,1471.98,1512.24,1463.93,1488.08,1683073
2010-02-01,1480.01,1488.08,1431.8,1455.87,1407700
2010-02-02,1455.87,1471.98,1447.81,1455.87,745932
2010-02-03,1471.98,1496.12,1463.93,1471.98,1015959
2010-02-04,1480.01,1488.08,1455.87,1480.01,851233
2010-02-05,1423.75,1447.81,1415.7,1439.77,1236508
2010-02-08,1439.77,1463.93,1415.7,1431.8,1521080
2010-02-09,1423.75,1431.8,1391.53,1399.6,1220096
2010-02-10,1415.7,1431.8,1399.6,1423.75,978414
2010-02-12,1447.81,1463.93,1439.77,1463.93,1206297
2010-02-15,1463.93,1471.98,1423.75,1431.8,632175
2010-02-16,1439.77,1455.87,1431.8,1447.81,751651
2010-02-17,1463.93,1471.98,1447.81,1463.93,945097
2010-02-18,1463.93,1463.93,1431.8,1431.8,825748
2010-02-19,1439.77,1471.98,1423.75,1423.75,1570810
2010-02-22,1447.81,1471.98,1439.77,1463.93,1270075
2010-02-23,1463.93,1488.08,1447.81,1471.98,1278653
2010-02-24,1455.87,1463.93,1439.77,1447.81,1062704
2010-02-25,1455.87,1471.98,1431.8,1455.87,1204308
2010-02-26,1447.81,1463.93,1439.77,1447.81,962005
2010-03-01,1447.81,1471.98,1439.77,1463.93,900715
2010-03-02,1471.98,1512.24,1463.93,1504.18,2022348
2010-03-03,1504.18,1512.24,1488.08,1496.12,678425
2010-03-04,1504.18,1528.26,1488.08,1504.18,1743989
2010-03-05,1520.23,1536.31,1512.24,1528.26,1173850
2010-03-08,1552.41,1560.47,1536.31,1552.41,1216119
2010-03-09,1544.37,1560.47,1536.31,1560.47,940248
2010-03-10,1552.41,1568.51,1544.37,1552.41,934529
2010-03-11,1560.47,1568.51,1544.37,1552.41,686133
2010-03-12,1560.47,1560.47,1544.37,1552.41,1102239
2010-03-15,1544.37,1560.47,1528.26,1536.31,768186
2010-03-16,1528.26,1560.47,1512.24,1552.41,1219601
2010-03-17,1560.47,1624.8,1552.41,1600.72,3813206
2010-03-18,1592.67,1624.8,1576.58,1584.61,1656217
2010-03-19,1592.67,1608.7,1584.61,1592.67,900589
2010-03-23,1608.7,1632.85,1600.72,1616.74,1406209
2010-03-24,1632.85,1632.85,1600.72,1616.74,1054996
2010-03-25,1608.7,1616.74,1600.72,1608.7,619250
2010-03-26,1616.74,1640.89,1608.7,1624.8,1403100
2010-03-29,1632.85,1656.99,1624.8,1648.95,1318683
2010-03-30,1665.06,1705.22,1656.99,1705.22,1842453
2010-03-31,1705.22,1721.34,1689.13,1697.18,1276664
2010-04-01,1681.15,1705.22,1673.1,1705.22,1312094
2010-04-02,1713.28,1721.34,1689.13,1697.18,938009
2010-04-05,1721.34,1729.39,1705.22,1713.28,849368
2010-04-06,1721.34,1721.34,1673.1,1681.15,980030
2010-04-07,1689.13,1721.34,1689.13,1697.18,1441638
2010-04-08,1689.13,1697.18,1640.89,1656.99,2174766
2010-04-09,1648.95,1673.1,1640.89,1673.1,1373014
2010-04-12,1689.13,1697.18,1665.06,1673.1,939253
2010-04-13,1665.06,1673.1,1640.89,1648.95,601595
2010-04-14,1648.95,1648.95,1624.8,1632.85,790937
2010-04-15,1656.99,1656.99,1624.8,1632.85,1135806
2010-04-16,1624.8,1632.85,1592.67,1600.72,1390294
2010-04-19,1576.58,1592.67,1568.51,1568.51,960885
2010-04-20,1576.58,1592.67,1576.58,1584.61,943356
2010-04-21,1624.8,1632.85,1592.67,1600.72,1290961
2010-04-22,1584.61,1592.67,1560.47,1576.58,1302272
2010-04-23,1584.61,1600.72,1576.58,1592.67,1167260
2010-04-26,1616.74,1665.06,1616.74,1656.99,1985298
2010-04-27,1656.99,1713.28,1656.99,1705.22,2703756
2010-04-28,1656.99,1705.22,1648.95,1656.99,2809803
2010-04-30,1729.39,1737.44,1705.22,1737.44,3742840
2010-05-06,1689.13,1705.22,1648.95,1648.95,1922517
2010-05-07,1568.51,1640.89,1560.47,1632.85,2363612
2010-05-10,1648.95,1697.18,1640.89,1673.1,1869181
2010-05-11,1697.18,1705.22,1576.58,1584.61,2836782
2010-05-12,1616.74,1632.85,1584.61,1592.67,1577897
2010-05-13,1624.8,1632.85,1600.72,1632.85,1120142
2010-05-14,1600.72,1624.8,1592.67,1600.72,1144633
2010-05-17,1584.61,1592.67,1536.31,1552.41,1308614
2010-05-18,1560.47,1560.47,1504.18,1512.24,1231909
2010-05-19,1480.01,1520.23,1455.87,1504.18,2183967
2010-05-20,1488.08,1512.24,1471.98,1480.01,1142147
2010-05-21,1439.77,1463.93,1423.75,1455.87,1566211
2010-05-24,1455.87,1463.93,1431.8,1447.81,991469
2010-05-25,1431.8,1439.77,1383.49,1391.53,1204308
2010-05-26,1407.66,1423.75,1375.44,1391.53,1329501
2010-05-27,1383.49,1423.75,1375.44,1415.7,1044179
2010-05-28,1447.81,1463.93,1447.81,1455.87,1192872
2010-05-31,1463.93,1471.98,1439.77,1455.87,719452
2010-06-01,1455.87,1455.87,1423.75,1431.8,520288
2010-06-02,1415.7,1447.81,1407.66,1415.7,834077
2010-06-03,1439.77,1447.81,1431.8,1447.81,1059969
2010-06-04,1447.81,1455.87,1431.8,1439.77,772165
2010-06-07,1407.66,1415.7,1391.53,1399.6,774279
2010-06-08,1383.49,1407.66,1367.38,1375.44,1125115
2010-06-09,1367.38,1375.44,1319.15,1327.21,1487266
2010-06-10,1335.26,1367.38,1327.21,1359.34,1531400
2010-06-11,1399.6,1407.66,1383.49,1391.53,1350510
2010-06-14,1423.75,1471.98,1423.75,1463.93,1496590
2010-06-15,1455.87,1463.93,1439.77,1447.81,619870
2010-06-16,1496.12,1504.18,1480.01,1496.12,1220096
2010-06-17,1488.08,1488.08,1455.87,1455.87,711122
2010-06-18,1455.87,1463.93,1431.8,1439.77,645481
2010-06-21,1455.87,1488.08,1455.87,1480.01,728279
2010-06-22,1455.87,1463.93,1447.81,1455.87,476527
2010-06-23,1431.8,1431.8,1399.6,1407.66,1026029
2010-06-24,1407.66,1431.8,1399.6,1415.7,765079
2010-06-25,1391.53,1399.6,1367.38,1375.44,793300
2010-06-28,1375.44,1375.44,1335.26,1335.26,904319
2010-06-29,1335.26,1367.38,1319.15,1319.15,1099130
2010-06-30,1278.89,1319.15,1270.93,1303.06,1564720
2010-07-01,1295,1319.15,1270.93,1278.89,1070413
2010-07-02,1303.06,1303.06,1278.89,1286.96,860682
2010-07-05,1303.06,1319.15,1278.89,1286.96,1258760
2010-07-06,1278.89,1303.06,1254.83,1295,1608852
2010-07-07,1335.26,1351.38,1311.11,1319.15,2637244
2010-07-08,1359.34,1359.34,1343.3,1351.38,1300533
2010-07-09,1351.38,1359.34,1327.21,1343.3,1226811
2010-07-12,1351.38,1415.7,1343.3,1375.44,1914189
2010-07-13,1375.44,1399.6,1367.38,1367.38,1103485
2010-07-14,1407.66,1431.8,1399.6,1423.75,1133194
2010-07-15,1399.6,1407.66,1391.53,1391.53,640757
2010-07-16,1375.44,1383.49,1319.15,1327.21,1562108
2010-07-20,1303.06,1319.15,1278.89,1303.06,2314131
2010-07-21,1319.15,1319.15,1270.93,1286.96,1183794
2010-07-22,1270.93,1278.89,1246.78,1254.83,1347401
2010-07-23,1270.93,1278.89,1254.83,1270.93,2049822
2010-07-26,1295,1311.11,1286.96,1295,820403
2010-07-27,1303.06,1311.11,1295,1295,581331
2010-07-28,1311.11,1327.21,1303.06,1327.21,1239616
2010-07-29,1319.15,1383.49,1311.11,1367.38,3395487
2010-07-30,1367.38,1399.6,1359.34,1375.44,2842373
2010-08-02,1375.44,1391.53,1351.38,1359.34,852602
2010-08-03,1383.49,1391.53,1367.38,1383.49,737478
2010-08-04,1367.38,1375.44,1343.3,1343.3,986868
2010-08-05,1367.38,1375.44,1343.3,1359.34,989479
2010-08-06,1351.38,1359.34,1335.26,1351.38,926696
2010-08-09,1335.26,1359.34,1335.26,1351.38,877838
2010-08-10,1367.38,1375.44,1343.3,1343.3,872121
2010-08-11,1327.21,1335.26,1295,1303.06,796781
2010-08-12,1270.93,1278.89,1246.78,1270.93,1999347
2010-08-13,1270.93,1278.89,1254.83,1270.93,1260128
2010-08-16,1246.78,1286.96,1246.78,1286.96,1178448
2010-08-17,1278.89,1303.06,1270.93,1278.89,1315328
2010-08-18,1295,1295,1270.93,1278.89,970210
2010-08-19,1278.89,1311.11,1270.93,1311.11,1139785
2010-08-20,1286.96,1303.06,1270.93,1278.89,754261
2010-08-23,1270.93,1278.89,1262.88,1262.88,635659
2010-08-24,1254.83,1270.93,1238.74,1262.88,1234269
2010-08-25,1238.74,1246.78,1214.57,1222.62,1413917
2010-08-26,1238.74,1254.83,1230.68,1254.83,739468
2010-08-27,1230.68,1246.78,1214.57,1238.74,1142893
2010-08-30,1254.83,1270.93,1238.74,1246.78,825001
2010-08-31,1222.62,1222.62,1190.5,1198.48,1021679
2010-09-01,1190.5,1190.5,1166.33,1174.4,2089233
2010-09-02,1198.48,1198.48,1166.33,1182.44,1441887
2010-09-03,1190.5,1222.62,1182.44,1214.57,1556141
2010-09-06,1230.68,1262.88,1222.62,1254.83,1965407
2010-09-07,1246.78,1246.78,1222.62,1230.68,1147367
2010-09-08,1198.48,1206.53,1190.5,1190.5,725294
2010-09-09,1206.53,1214.57,1198.48,1206.53,911901
2010-09-10,1206.53,1230.68,1206.53,1214.57,1082596
2010-09-13,1222.62,1238.74,1222.62,1222.62,466705
2010-09-14,1246.78,1254.83,1222.62,1222.62,1419882
2010-09-15,1222.62,1278.89,1214.57,1262.88,1816222
2010-09-16,1278.89,1295,1262.88,1286.96,1241108
2010-09-17,1311.11,1335.26,1295,1319.15,1743989
2010-09-21,1343.3,1359.34,1319.15,1319.15,1149109
2010-09-22,1311.11,1319.15,1286.96,1303.06,597617
2010-09-24,1278.89,1295,1262.88,1270.93,1354239
2010-09-27,1303.06,1303.06,1278.89,1295,595751
2010-09-28,1286.96,1295,1270.93,1278.89,488835
2010-09-29,1278.89,1295,1278.89,1295,506488
2010-09-30,1295,1311.11,1278.89,1286.96,1088814
2010-10-01,1295,1295,1230.68,1246.78,1625635
2010-10-04,1246.78,1254.83,1230.68,1238.74,835692
2010-10-05,1246.78,1262.88,1238.74,1254.83,1539354
2010-10-06,1278.89,1303.06,1262.88,1295,1368165
2010-10-07,1295,1303.06,1286.96,1303.06,903448
2010-10-08,1303.06,1303.06,1270.93,1278.89,808713
2010-10-12,1278.89,1286.96,1222.62,1230.68,1504173
2010-10-13,1246.78,1262.88,1238.74,1246.78,1315702
2010-10-14,1262.88,1262.88,1246.78,1254.83,1049156
2010-10-15,1254.83,1262.88,1222.62,1230.68,1505790
2010-10-18,1222.62,1230.68,1174.4,1182.44,3566056
2010-10-19,1190.5,1214.57,1182.44,1190.5,1332858
2010-10-20,1182.44,1190.5,1166.33,1182.44,1130834
2010-10-21,1198.48,1198.48,1174.4,1174.4,912650
2010-10-22,1182.44,1206.53,1174.4,1190.5,1734169
2010-10-25,1198.48,1214.57,1190.5,1190.5,1341932
2010-10-26,1198.48,1214.57,1190.5,1198.48,1429580
2010-10-27,1222.62,1230.68,1206.53,1214.57,1302647
2010-10-28,1206.53,1214.57,1190.5,1190.5,1111191
2010-10-29,1190.5,1198.48,1166.33,1182.44,1397879
2010-11-01,1174.4,1190.5,1166.33,1190.5,1048656
2010-11-02,1182.44,1198.48,1174.4,1174.4,732009
2010-11-04,1190.5,1206.53,1190.5,1198.48,783726
2010-11-05,1206.53,1230.68,1206.53,1230.68,1369283
2010-11-08,1238.74,1262.88,1238.74,1246.78,874978
2010-11-09,1246.78,1262.88,1238.74,1246.78,1061463
2010-11-10,1254.83,1270.93,1246.78,1254.83,1136801
2010-11-11,1254.83,1286.96,1254.83,1270.93,1295187
2010-11-12,1262.88,1278.89,1254.83,1254.83,1144138
2010-11-15,1262.88,1270.93,1254.83,1270.93,577601
2010-11-16,1278.89,1286.96,1262.88,1278.89,1132572
2010-11-17,1262.88,1278.89,1254.83,1270.93,962131
2010-11-18,1295,1351.38,1295,1351.38,3851872
2010-11-19,1375.44,1391.53,1359.34,1367.38,1884472
2010-11-22,1375.44,1383.49,1367.38,1383.49,976426
2010-11-24,1343.3,1375.44,1335.26,1375.44,1413170
2010-11-25,1391.53,1399.6,1375.44,1375.44,906931
2010-11-26,1375.44,1391.53,1375.44,1383.49,604081
2010-11-29,1391.53,1431.8,1391.53,1415.7,2395438
2010-11-30,1415.7,1431.8,1375.44,1375.44,1689535
2010-12-01,1383.49,1431.8,1383.49,1415.7,2162581
2010-12-02,1455.87,1463.93,1431.8,1439.77,1746725
2010-12-03,1463.93,1471.98,1439.77,1447.81,1506288
2010-12-06,1447.81,1463.93,1439.77,1447.81,1270075
2010-12-07,1447.81,1455.87,1431.8,1439.77,890644
2010-12-08,1447.81,1463.93,1439.77,1455.87,1026278
2010-12-09,1455.87,1463.93,1447.81,1463.93,754387
2010-12-10,1480.01,1480.01,1455.87,1455.87,1522324
2010-12-13,1471.98,1520.23,1471.98,1512.24,2885889
2010-12-14,1544.37,1568.51,1536.31,1552.41,1853517
2010-12-15,1552.41,1560.47,1536.31,1536.31,1398622
2010-12-16,1536.31,1568.51,1528.26,1544.37,1444499
2010-12-17,1544.37,1560.47,1528.26,1536.31,1101494
2010-12-20,1536.31,1544.37,1512.24,1520.23,1145501
2010-12-21,1520.23,1544.37,1512.24,1544.37,1171238
2010-12-22,1536.31,1544.37,1496.12,1512.24,1476448
2010-12-24,1504.18,1504.18,1471.98,1488.08,1398003
2010-12-27,1488.08,1504.18,1480.01,1496.12,1286609
2010-12-28,1463.93,1480.01,1463.93,1471.98,785216
2010-12-29,1471.98,1488.08,1463.93,1488.08,703166
2010-12-30,1480.01,1488.08,1463.93,1471.98,916503
2011-01-04,1488.08,1504.18,1480.01,1496.12,941739
2011-01-05,1496.12,1504.18,1488.08,1504.18,717088
2011-01-06,1528.26,1552.41,1520.23,1536.31,2539900
2011-01-07,1544.37,1560.47,1536.31,1544.37,1289842
2011-01-11,1544.37,1568.51,1536.31,1552.41,696576
2011-01-12,1568.51,1584.61,1552.41,1552.41,1297302
2011-01-13,1576.58,1576.58,1552.41,1560.47,646475
2011-01-14,1552.41,1560.47,1552.41,1552.41,489082
2011-01-17,1552.41,1568.51,1536.31,1544.37,855088
2011-01-18,1536.31,1552.41,1520.23,1552.41,626955
2011-01-19,1560.47,1568.51,1536.31,1552.41,961383
2011-01-20,1536.31,1544.37,1520.23,1528.26,1268460
2011-01-21,1536.31,1544.37,1439.77,1480.01,1786010
2011-01-24,1480.01,1496.12,1471.98,1488.08,816421
2011-01-25,1496.12,1520.23,1488.08,1504.18,1153831
2011-01-26,1504.18,1520.23,1496.12,1504.18,557834
2011-01-27,1512.24,1520.23,1496.12,1520.23,870502
2011-01-28,1520.23,1520.23,1488.08,1504.18,932540
2011-01-31,1463.93,1480.01,1455.87,1455.87,1210895
2011-02-01,1463.93,1504.18,1455.87,1480.01,1526925
2011-02-02,1488.08,1520.23,1488.08,1504.18,998183
2011-02-03,1504.18,1512.24,1488.08,1504.18,598236
2011-02-04,1504.18,1512.24,1496.12,1504.18,605325
2011-02-07,1520.23,1528.26,1512.24,1528.26,914637
2011-02-08,1536.31,1560.47,1536.31,1536.31,1660943
2011-02-09,1552.41,1560.47,1528.26,1544.37,1006260
2011-02-10,1480.01,1496.12,1431.8,1488.08,3492703
2011-02-14,1504.18,1512.24,1480.01,1488.08,986125
2011-02-15,1488.08,1488.08,1471.98,1488.08,1626381
2011-02-16,1480.01,1488.08,1471.98,1488.08,812819
2011-02-17,1488.08,1496.12,1463.93,1471.98,1596046
2011-02-18,1463.93,1471.98,1455.87,1455.87,1431445
2011-02-21,1463.93,1471.98,1455.87,1463.93,959270
2011-02-22,1455.87,1463.93,1439.77,1439.77,1409441
2011-02-23,1423.75,1463.93,1415.7,1447.81,1177084
2011-02-24,1431.8,1439.77,1415.7,1423.75,1159551
2011-02-25,1423.75,1431.8,1415.7,1415.7,874235
2011-02-28,1423.75,1455.87,1415.7,1439.77,1521330
2011-03-01,1455.87,1488.08,1455.87,1471.98,1558128
2011-03-02,1455.87,1463.93,1439.77,1439.77,1336959
2011-03-03,1439.77,1447.81,1431.8,1447.81,727532
2011-03-04,1471.98,1471.98,1439.77,1455.87,717836
2011-03-07,1447.81,1447.81,1399.6,1415.7,1753812
2011-03-08,1407.66,1439.77,1407.66,1415.7,1306625
2011-03-09,1439.77,1447.81,1423.75,1439.77,1597539
2011-03-10,1431.8,1439.77,1399.6,1407.66,1008252
2011-03-11,1383.49,1407.66,1375.44,1383.49,1589582
2011-03-14,1182.44,1254.83,1174.4,1238.74,2553079
2011-03-15,1190.5,1190.5,941.14,1061.76,3285461
2011-03-16,1102.01,1166.33,1102.01,1142.19,2130012
2011-03-17,1085.92,1166.33,1077.85,1142.19,1368287
2011-03-18,1166.33,1238.74,1158.27,1222.62,1801674
2011-03-22,1303.06,1327.21,1286.96,1319.15,1846678
2011-03-23,1319.15,1351.38,1295,1303.06,1634585
2011-03-24,1303.06,1327.21,1303.06,1311.11,1013225
2011-03-25,1351.38,1351.38,1278.89,1286.96,925207
2011-03-28,1295,1311.11,1278.89,1295,777884
2011-03-29,1286.96,1335.26,1278.89,1311.11,1308117
2011-03-30,1327.21,1367.38,1311.11,1359.34,1252920
2011-03-31,1359.34,1367.38,1327.21,1343.3,993332
2011-04-01,1335.26,1367.38,1335.26,1343.3,868637
2011-04-04,1359.34,1359.34,1335.26,1343.3,364016
2011-04-05,1343.3,1343.3,1295,1303.06,535828
2011-04-06,1335.26,1335.26,1295,1311.11,1099379
2011-04-07,1311.11,1327.21,1286.96,1303.06,640384
2011-04-08,1303.06,1335.26,1286.96,1319.15,867022
2011-04-11,1311.11,1327.21,1295,1303.06,423067
2011-04-12,1303.06,1319.15,1254.83,1262.88,1350137
2011-04-13,1262.88,1286.96,1254.83,1278.89,620118
2011-04-14,1278.89,1303.06,1262.88,1286.96,1217734
2011-04-15,1286.96,1303.06,1278.89,1286.96,996069
2011-04-18,1303.06,1319.15,1246.78,1254.83,2526100
2011-04-19,1246.78,1246.78,1206.53,1230.68,2670315
2011-04-20,1230.68,1262.88,1214.57,1254.83,1803789
2011-04-21,1262.88,1270.93,1254.83,1270.93,1082596
2011-04-22,1246.78,1246.78,1222.62,1238.74,1576651
2011-04-25,1230.68,1254.83,1230.68,1238.74,826492
2011-04-26,1238.74,1238.74,1222.62,1230.68,441219
2011-04-27,1238.74,1238.74,1206.53,1238.74,1064444
2011-04-28,1278.89,1311.11,1270.93,1295,3188738
2011-05-02,1319.15,1327.21,1295,1319.15,963123
2011-05-06,1311.11,1367.38,1303.06,1359.34,2376417
2011-05-09,1343.3,1359.34,1335.26,1351.38,915755
2011-05-10,1351.38,1367.38,1327.21,1367.38,1081975
2011-05-11,1399.6,1399.6,1359.34,1359.34,1075261
2011-05-12,1343.3,1351.38,1327.21,1327.21,711247
2011-05-13,1327.21,1335.26,1278.89,1303.06,1186777
2011-05-16,1295,1311.11,1286.96,1303.06,387512
2011-05-17,1311.11,1327.21,1295,1311.11,922719
2011-05-18,1327.21,1335.26,1311.11,1327.21,834948
2011-05-19,1335.26,1335.26,1295,1303.06,788077
2011-05-20,1303.06,1327.21,1303.06,1319.15,524017
2011-05-23,1319.15,1319.15,1286.96,1295,577848
2011-05-24,1286.96,1286.96,1278.89,1278.89,993084
2011-05-25,1278.89,1278.89,1246.78,1262.88,751152
2011-05-26,1270.93,1286.96,1270.93,1278.89,374708
2011-05-27,1286.96,1286.96,1262.88,1270.93,492689
2011-05-30,1278.89,1303.06,1262.88,1295,921722
2011-05-31,1303.06,1327.21,1286.96,1327.21,1396385
2011-06-01,1351.38,1367.38,1335.26,1359.34,1967024
2011-06-02,1327.21,1335.26,1311.11,1311.11,941365
2011-06-03,1319.15,1327.21,1303.06,1303.06,332935
2011-06-06,1303.06,1311.11,1278.89,1278.89,563427
2011-06-07,1278.89,1295,1270.93,1295,559075
2011-06-08,1295,1343.3,1295,1327.21,1028515
2011-06-09,1319.15,1335.26,1311.11,1335.26,525633
2011-06-10,1343.3,1343.3,1319.15,1335.26,928066
2011-06-13,1319.15,1335.26,1311.11,1327.21,485851
2011-06-14,1335.26,1351.38,1335.26,1351.38,738101
2011-06-15,1351.38,1359.34,1335.26,1343.3,470807
2011-06-16,1327.21,1343.3,1319.15,1319.15,457133
2011-06-17,1319.15,1327.21,1286.96,1295,665373
2011-06-20,1278.89,1303.06,1278.89,1295,889898
2011-06-21,1303.06,1311.11,1295,1311.11,646599
2011-06-22,1311.11,1327.21,1311.11,1327.21,512579
2011-06-23,1311.11,1327.21,1238.74,1295,3419852
2011-06-24,1303.06,1319.15,1295,1311.11,689863
2011-06-27,1319.15,1319.15,1295,1303.06,1088565
2011-06-28,1311.11,1327.21,1303.06,1319.15,522651
2011-06-29,1327.21,1327.21,1311.11,1327.21,1216119
2011-06-30,1335.26,1343.3,1327.21,1335.26,1152466
2011-07-01,1335.26,1343.3,1319.15,1327.21,754261
2011-07-04,1343.3,1351.38,1327.21,1335.26,432517
2011-07-05,1343.3,1343.3,1327.21,1335.26,409641
2011-07-06,1327.21,1351.38,1319.15,1351.38,838677
2011-07-07,1351.38,1367.38,1343.3,1359.34,843278
2011-07-08,1383.49,1391.53,1367.38,1367.38,1390419
2011-07-11,1367.38,1367.38,1343.3,1351.38,607438
2011-07-12,1343.3,1343.3,1327.21,1335.26,556591
2011-07-13,1327.21,1327.21,1311.11,1319.15,893502
2011-07-14,1327.21,1327.21,1303.06,1311.11,1103485
2011-07-15,1303.06,1327.21,1303.06,1303.06,1040452
2011-07-19,1303.06,1319.15,1286.96,1311.11,1051391
2011-07-20,1335.26,1343.3,1319.15,1327.21,1470481
2011-07-21,1319.15,1327.21,1303.06,1319.15,427544
2011-07-22,1335.26,1335.26,1311.11,1327.21,535579
2011-07-25,1335.26,1335.26,1319.15,1327.21,573622
2011-07-26,1335.26,1335.26,1319.15,1327.21,588538
2011-07-27,1319.15,1319.15,1303.06,1311.11,498654
2011-07-28,1295,1311.11,1286.96,1303.06,1376620
2011-07-29,1295,1311.11,1286.96,1295,1076381
2011-08-01,1319.15,1327.21,1311.11,1319.15,501268
2011-08-02,1303.06,1327.21,1295,1295,670221
2011-08-03,1295,1319.15,1286.96,1311.11,1714031
2011-08-04,1311.11,1343.3,1303.06,1335.26,1664299
2011-08-05,1286.96,1311.11,1278.89,1295,1251799
2011-08-08,1286.96,1286.96,1254.83,1262.88,1038585
2011-08-09,1206.53,1230.68,1174.4,1222.62,1896531
2011-08-10,1246.78,1262.88,1246.78,1254.83,852849
2011-08-11,1222.62,1246.78,1222.62,1246.78,732878
2011-08-12,1262.88,1270.93,1230.68,1238.74,664377
2011-08-15,1254.83,1254.83,1230.68,1238.74,404669
2011-08-16,1238.74,1286.96,1238.74,1262.88,1321295
2011-08-17,1246.78,1254.83,1238.74,1246.78,550002
2011-08-18,1254.83,1254.83,1230.68,1238.74,382663
2011-08-19,1206.53,1214.57,1190.5,1198.48,694091
2011-08-22,1190.5,1190.5,1150.24,1158.27,1114175
2011-08-23,1166.33,1174.4,1142.19,1150.24,1006138
2011-08-24,1158.27,1174.4,1142.19,1142.19,1083590
2011-08-25,1158.27,1182.44,1150.24,1150.24,1293321
2011-08-26,1150.24,1182.44,1134.14,1182.44,1308365
2011-08-29,1198.48,1206.53,1174.4,1190.5,658659
2011-08-30,1206.53,1214.57,1198.48,1206.53,402431
2011-08-31,1190.5,1222.62,1190.5,1214.57,709881
2011-09-01,1230.68,1238.74,1222.62,1230.68,495173
2011-09-02,1214.57,1222.62,1190.5,1198.48,417599
2011-09-05,1182.44,1198.48,1158.27,1166.33,913519
2011-09-06,1166.33,1174.4,1142.19,1142.19,577475
2011-09-07,1166.33,1182.44,1166.33,1174.4,356431
2011-09-08,1190.5,1198.48,1166.33,1174.4,401188
2011-09-09,1166.33,1190.5,1166.33,1174.4,838056
2011-09-12,1142.19,1150.24,1134.14,1142.19,602590
2011-09-13,1158.27,1198.48,1150.24,1190.5,678800
2011-09-14,1190.5,1206.53,1166.33,1174.4,461112
2011-09-15,1182.44,1206.53,1182.44,1198.48,413496
2011-09-16,1214.57,1230.68,1206.53,1230.68,679420
2011-09-20,1198.48,1214.57,1190.5,1198.48,233973
2011-09-21,1190.5,1230.68,1190.5,1214.57,407402
2011-09-22,1206.53,1214.57,1182.44,1198.48,503131
2011-09-26,1206.53,1214.57,1166.33,1182.44,760477
2011-09-27,1206.53,1230.68,1198.48,1230.68,583693
2011-09-28,1230.68,1262.88,1222.62,1238.74,720321
2011-09-29,1238.74,1278.89,1238.74,1278.89,740341
2011-09-30,1278.89,1286.96,1230.68,1238.74,905934
2011-10-03,1246.78,1254.83,1222.62,1238.74,815677
2011-10-04,1214.57,1230.68,1198.48,1222.62,546892
2011-10-05,1230.68,1246.78,1214.57,1230.68,751651
2011-10-06,1222.62,1230.68,1206.53,1214.57,493186
2011-10-07,1230.68,1254.83,1222.62,1246.78,881444
2011-10-11,1270.93,1278.89,1254.83,1270.93,595876
2011-10-12,1246.78,1254.83,1206.53,1206.53,1399370
2011-10-13,1254.83,1254.83,1230.68,1238.74,1413667
2011-10-14,1238.74,1238.74,1206.53,1206.53,653437
2011-10-17,1206.53,1214.57,1182.44,1206.53,1190633
2011-10-18,1190.5,1198.48,1174.4,1182.44,736360
2011-10-19,1190.5,1198.48,1174.4,1182.44,750408
2011-10-20,1182.44,1182.44,1109.99,1118.03,2180982
2011-10-21,1126.08,1158.27,1126.08,1134.14,1150229
2011-10-24,1134.14,1150.24,1118.03,1142.19,1491492
2011-10-25,1150.24,1158.27,1134.14,1142.19,832586
2011-10-26,1126.08,1198.48,1118.03,1190.5,1723228
2011-10-27,1198.48,1206.53,1182.44,1206.53,997685
2011-10-28,1214.57,1238.74,1206.53,1222.62,845514
2011-10-31,1214.57,1230.68,1166.33,1166.33,794543
2011-11-01,1174.4,1190.5,1158.27,1166.33,706025
2011-11-02,1174.4,1174.4,1150.24,1150.24,1163902
2011-11-04,1174.4,1214.57,1166.33,1198.48,927444
2011-11-07,1214.57,1254.83,1214.57,1246.78,1782653
2011-11-08,1230.68,1246.78,1222.62,1230.68,576357
2011-11-09,1238.74,1246.78,1214.57,1222.62,634663
2011-11-10,1190.5,1206.53,1166.33,1182.44,938257
2011-11-11,1174.4,1190.5,1158.27,1182.44,947208
2011-11-14,1198.48,1214.57,1190.5,1214.57,680664
2011-11-15,1198.48,1214.57,1174.4,1174.4,547390
2011-11-16,1190.5,1198.48,1158.27,1166.33,605820
2011-11-17,1150.24,1174.4,1142.19,1158.27,719825
2011-11-18,1158.27,1190.5,1142.19,1182.44,880945
2011-11-21,1190.5,1190.5,1166.33,1190.5,469688
2011-11-22,1182.44,1206.53,1174.4,1198.48,572130
2011-11-24,1174.4,1190.5,1174.4,1182.44,558453
2011-11-25,1190.5,1206.53,1182.44,1190.5,559324
2011-11-28,1222.62,1246.78,1214.57,1246.78,871746
2011-11-29,1246.78,1254.83,1230.68,1254.83,557087
2011-11-30,1246.78,1246.78,1230.68,1246.78,493309
2011-12-01,1270.93,1278.89,1262.88,1270.93,854836
2011-12-02,1262.88,1286.96,1254.83,1278.89,796531
2011-12-05,1286.96,1319.15,1286.96,1303.06,541921
2011-12-06,1295,1295,1270.93,1286.96,621734
2011-12-07,1270.93,1286.96,1246.78,1254.83,1196601
2011-12-08,1295,1303.06,1278.89,1286.96,2329050
2011-12-09,1278.89,1286.96,1262.88,1278.89,1505665
2011-12-12,1303.06,1303.06,1270.93,1278.89,1051143
2011-12-13,1270.93,1286.96,1270.93,1278.89,690234
2011-12-14,1278.89,1295,1262.88,1286.96,569519
2011-12-15,1270.93,1278.89,1254.83,1254.83,475283
2011-12-16,1270.93,1278.89,1254.83,1254.83,451413
2011-12-19,1262.88,1270.93,1254.83,1262.88,382911
2011-12-20,1246.78,1278.89,1246.78,1278.89,543536
2011-12-21,1286.96,1295,1270.93,1278.89,618753
2011-12-22,1278.89,1278.89,1270.93,1278.89,237206
2011-12-26,1295,1303.06,1286.96,1295,549131
2011-12-27,1295,1303.06,1278.89,1286.96,610795
2011-12-28,1262.88,1270.93,1246.78,1254.83,685760
2011-12-29,1238.74,1246.78,1214.57,1238.74,770921
2011-12-30,1238.74,1254.83,1230.68,1254.83,345739
2012-01-04,1262.88,1270.93,1254.83,1270.93,564051
2012-01-05,1262.88,1278.89,1246.78,1278.89,805979
2012-01-06,1278.89,1286.96,1254.83,1262.88,1014839
2012-01-10,1254.83,1262.88,1230.68,1238.74,881816
2012-01-11,1246.78,1286.96,1246.78,1286.96,829849
2012-01-12,1278.89,1286.96,1262.88,1278.89,591402
2012-01-13,1286.96,1311.11,1278.89,1295,1237255
2012-01-16,1278.89,1278.89,1262.88,1270.93,631308
2012-01-17,1278.89,1286.96,1270.93,1286.96,545151
2012-01-18,1286.96,1319.15,1286.96,1319.15,1265100
2012-01-19,1327.21,1343.3,1319.15,1319.15,972570
2012-01-20,1351.38,1351.38,1311.11,1343.3,1524565
2012-01-23,1351.38,1375.44,1335.26,1359.34,943481
2012-01-24,1359.34,1359.34,1335.26,1351.38,519044
2012-01-25,1359.34,1359.34,1335.26,1351.38,753765
2012-01-26,1351.38,1359.34,1343.3,1343.3,327217
2012-01-27,1351.38,1351.38,1319.15,1327.21,679916
2012-01-30,1327.21,1335.26,1303.06,1319.15,669102
2012-01-31,1311.11,1335.26,1303.06,1335.26,689987
2012-02-01,1335.26,1351.38,1327.21,1335.26,552487
2012-02-02,1335.26,1351.38,1327.21,1343.3,466083
2012-02-03,1343.3,1343.3,1319.15,1335.26,653811
2012-02-06,1351.38,1351.38,1319.15,1327.21,605574
2012-02-07,1327.21,1343.3,1327.21,1343.3,729025
2012-02-08,1343.3,1343.3,1319.15,1335.26,968963
2012-02-09,1327.21,1351.38,1319.15,1351.38,1433808
2012-02-10,1351.38,1351.38,1303.06,1303.06,3030847
2012-02-13,1303.06,1311.11,1286.96,1286.96,909666
2012-02-14,1286.96,1303.06,1278.89,1295,1383581
2012-02-15,1303.06,1327.21,1295,1319.15,1676108
2012-02-16,1311.11,1351.38,1303.06,1343.3,1917418
2012-02-17,1367.38,1375.44,1343.3,1367.38,1694759
2012-02-20,1375.44,1407.66,1375.44,1391.53,1366922
2012-02-21,1415.7,1447.81,1407.66,1415.7,2549721
2012-02-22,1415.7,1455.87,1407.66,1447.81,1863586
2012-02-23,1447.81,1471.98,1439.77,1463.93,1514989
2012-02-24,1463.93,1480.01,1455.87,1463.93,1258636
2012-02-27,1488.08,1496.12,1471.98,1480.01,1608603
2012-02-28,1463.93,1488.08,1455.87,1488.08,1335716
2012-02-29,1488.08,1512.24,1471.98,1480.01,1537367
2012-03-01,1471.98,1504.18,1431.8,1439.77,1803540
2012-03-02,1471.98,1480.01,1455.87,1471.98,1001540
2012-03-05,1488.08,1512.24,1455.87,1463.93,1307868
2012-03-06,1463.93,1471.98,1439.77,1439.77,1098013
2012-03-07,1431.8,1471.98,1423.75,1471.98,1343300
2012-03-08,1471.98,1504.18,1471.98,1496.12,839671
2012-03-09,1520.23,1520.23,1496.12,1512.24,1677850
2012-03-12,1520.23,1520.23,1488.08,1488.08,750408
2012-03-13,1488.08,1504.18,1455.87,1463.93,1266718
2012-03-14,1496.12,1504.18,1480.01,1488.08,558704
2012-03-15,1496.12,1504.18,1471.98,1496.12,961258
2012-03-16,1504.18,1512.24,1488.08,1512.24,931919
2012-03-19,1512.24,1528.26,1504.18,1528.26,845265
2012-03-21,1528.26,1528.26,1504.18,1504.18,760105
2012-03-22,1504.18,1528.26,1488.08,1520.23,996069
2012-03-23,1504.18,1528.26,1496.12,1528.26,1169499
2012-03-26,1528.26,1552.41,1520.23,1528.26,1417397
2012-03-27,1544.37,1568.51,1536.31,1552.41,1089558
2012-03-28,1544.37,1560.47,1536.31,1552.41,506613
2012-03-29,1471.98,1552.41,1463.93,1544.37,2234068
2012-03-30,1544.37,1544.37,1504.18,1512.24,1207790
2012-04-02,1520.23,1536.31,1512.24,1528.26,764706
2012-04-03,1520.23,1536.31,1520.23,1520.23,377813
2012-04-04,1528.26,1536.31,1463.93,1471.98,1533887
2012-04-05,1496.12,1552.41,1496.12,1528.26,3033706
2012-04-06,1512.24,1528.26,1488.08,1504.18,1074517
2012-04-09,1480.01,1480.01,1463.93,1463.93,829352
2012-04-10,1488.08,1512.24,1431.8,1447.81,1700601
2012-04-11,1439.77,1463.93,1431.8,1447.81,1114175
2012-04-12,1455.87,1496.12,1447.81,1488.08,1016954
2012-04-13,1496.12,1504.18,1471.98,1488.08,1020186
2012-04-16,1463.93,1488.08,1463.93,1463.93,666987
2012-04-17,1471.98,1480.01,1463.93,1480.01,500272
2012-04-18,1496.12,1520.23,1488.08,1520.23,713858
2012-04-19,1504.18,1512.24,1488.08,1488.08,808713
2012-04-20,1480.01,1488.08,1463.93,1471.98,634416
2012-04-23,1471.98,1488.08,1455.87,1471.98,378560
2012-04-24,1463.93,1480.01,1455.87,1471.98,368491
2012-04-25,1488.08,1488.08,1439.77,1455.87,935151
2012-04-26,1480.01,1480.01,1439.77,1463.93,707268
2012-04-27,1488.08,1488.08,1439.77,1439.77,916006
2012-05-01,1480.01,1488.08,1447.81,1455.87,1633469
2012-05-02,1463.93,1471.98,1447.81,1455.87,897481
2012-05-07,1423.75,1447.81,1423.75,1439.77,875848
2012-05-08,1439.77,1480.01,1439.77,1471.98,1054872
2012-05-09,1447.81,1455.87,1415.7,1439.77,801005
2012-05-10,1439.77,1439.77,1415.7,1423.75,652318
2012-05-11,1415.7,1431.8,1391.53,1399.6,598736
2012-05-14,1399.6,1407.66,1359.34,1391.53,847380
2012-05-15,1391.53,1391.53,1335.26,1367.38,1078369
2012-05-16,1367.38,1375.44,1327.21,1351.38,1118400
2012-05-17,1351.38,1431.8,1351.38,1415.7,1390419
2012-05-18,1375.44,1391.53,1335.26,1343.3,1148860
2012-05-21,1335.26,1375.44,1327.21,1359.34,753268
2012-05-22,1375.44,1399.6,1367.38,1391.53,721442
2012-05-23,1383.49,1383.49,1319.15,1319.15,986372
2012-05-24,1327.21,1351.38,1295,1319.15,967970
2012-05-25,1327.21,1335.26,1295,1311.11,493558
2012-05-28,1327.21,1327.21,1286.96,1295,322617
2012-05-29,1286.96,1311.11,1270.93,1311.11,928313
2012-05-30,1311.11,1311.11,1270.93,1286.96,857325
2012-05-31,1246.78,1270.93,1230.68,1254.83,1558252
2012-06-01,1254.83,1262.88,1222.62,1230.68,639388
2012-06-04,1198.48,1206.53,1166.33,1190.5,1003650
2012-06-05,1198.48,1238.74,1190.5,1222.62,1234022
2012-06-06,1222.62,1262.88,1214.57,1254.83,799019
2012-06-07,1270.93,1278.89,1238.74,1246.78,800012
2012-06-08,1238.74,1246.78,1206.53,1222.62,1324651
2012-06-11,1246.78,1270.93,1238.74,1254.83,902082
2012-06-12,1230.68,1230.68,1198.48,1214.57,1734789
2012-06-13,1222.62,1246.78,1214.57,1238.74,1069542
2012-06-14,1222.62,1238.74,1222.62,1230.68,372468
2012-06-15,1246.78,1254.83,1230.68,1246.78,739093
2012-06-18,1278.89,1286.96,1262.88,1286.96,645978
2012-06-19,1278.89,1286.96,1262.88,1270.93,651075
2012-06-20,1286.96,1303.06,1286.96,1286.96,638643
2012-06-21,1303.06,1311.11,1278.89,1295,574491
2012-06-22,1270.93,1295,1262.88,1286.96,708015
2012-06-25,1303.06,1311.11,1270.93,1278.89,982391
2012-06-26,1262.88,1270.93,1222.62,1230.68,1819329
2012-06-27,1246.78,1278.89,1222.62,1270.93,1377241
2012-06-28,1278.89,1278.89,1222.62,1238.74,1551291
2012-06-29,1238.74,1254.83,1214.57,1238.74,2101416
2012-07-02,1270.93,1303.06,1262.88,1270.93,1618300
2012-07-03,1278.89,1295,1270.93,1270.93,653683
2012-07-04,1286.96,1295,1270.93,1278.89,384155
2012-07-05,1286.96,1327.21,1270.93,1311.11,1585976
2012-07-06,1319.15,1319.15,1278.89,1303.06,1622900
2012-07-09,1278.89,1286.96,1270.93,1278.89,797029
2012-07-10,1270.93,1286.96,1254.83,1270.93,802747
2012-07-11,1254.83,1262.88,1222.62,1230.68,795784
2012-07-12,1214.57,1222.62,1182.44,1206.53,1506038
2012-07-13,1190.5,1206.53,1174.4,1190.5,1508399
2012-07-17,1174.4,1182.44,1134.14,1134.14,1495220
2012-07-18,1109.99,1109.99,1061.76,1069.8,2795631
2012-07-19,1085.92,1142.19,1085.92,1134.14,2986714
2012-07-20,1118.03,1142.19,1109.99,1118.03,1319058
2012-07-23,1109.99,1134.14,1093.96,1093.96,1053380
2012-07-24,1093.96,1102.01,1077.85,1077.85,646599
2012-07-25,1126.08,1126.08,1085.92,1093.96,2213930
2012-07-26,1126.08,1150.24,1077.85,1102.01,2579557
2012-07-27,1142.19,1150.24,1069.8,1093.96,1947256
2012-07-30,1118.03,1150.24,1102.01,1118.03,1499077
2012-07-31,1102.01,1142.19,1093.96,1142.19,982391
2012-08-01,1109.99,1118.03,1085.92,1093.96,969963
2012-08-02,1093.96,1102.01,1069.8,1093.96,1416276
2012-08-03,1069.8,1077.85,1021.57,1037.6,1376743
2012-08-06,1053.71,1069.8,1045.65,1069.8,595005
2012-08-07,1069.8,1085.92,1053.71,1085.92,682654
2012-08-08,1102.01,1134.14,1085.92,1109.99,1581749
2012-08-09,1093.96,1142.19,1093.96,1134.14,1457924
2012-08-10,1126.08,1134.14,1077.85,1093.96,1178325
2012-08-13,1085.92,1093.96,1069.8,1069.8,432890
2012-08-14,1061.76,1085.92,1053.71,1061.76,1000545
2012-08-15,1069.8,1069.8,1053.71,1061.76,755381
2012-08-16,1069.8,1102.01,1069.8,1102.01,900216
2012-08-17,1118.03,1134.14,1102.01,1134.14,933411
2012-08-20,1134.14,1150.24,1109.99,1118.03,694091
2012-08-21,1109.99,1118.03,1085.92,1093.96,805360
2012-08-22,1126.08,1150.24,1118.03,1150.24,1313090
2012-08-23,1150.24,1166.33,1134.14,1158.27,1671013
2012-08-24,1142.19,1150.24,1102.01,1126.08,1033738
2012-08-27,1150.24,1150.24,1109.99,1126.08,700925
2012-08-28,1134.14,1134.14,1085.92,1102.01,921848
2012-08-29,1109.99,1126.08,1085.92,1102.01,1127975
2012-08-30,1102.01,1102.01,1085.92,1085.92,518425
2012-08-31,1077.85,1077.85,1061.76,1061.76,600350
2012-09-03,1061.76,1077.85,1053.71,1053.71,849990
2012-09-04,1053.71,1069.8,1045.65,1061.76,388136
2012-09-05,1061.76,1061.76,1005.48,1021.57,821644
2012-09-06,1029.54,1029.54,1005.48,1013.53,615767
2012-09-07,1053.71,1061.76,1045.65,1061.76,581577
2012-09-10,1045.65,1061.76,1037.6,1045.65,389375
2012-09-11,1029.54,1045.65,1029.54,1029.54,301357
2012-09-12,1037.6,1053.71,1021.57,1029.54,1210895
2012-09-13,1037.6,1053.71,1021.57,1037.6,1429580
2012-09-14,1045.65,1061.76,1013.53,1029.54,2033163
2012-09-18,1029.54,1045.65,1021.57,1045.65,1234519
2012-09-19,1053.71,1061.76,1029.54,1045.65,1958073
2012-09-20,1053.71,1061.76,1045.65,1053.71,1136053
2012-09-21,1037.6,1045.65,1021.57,1021.57,1360830
2012-09-24,1021.57,1021.57,997.42,1005.48,1119893
2012-09-25,989.37,1029.54,973.27,1029.54,2049078
2012-09-26,1005.48,1021.57,997.42,997.42,558453
2012-09-27,1013.53,1021.57,989.37,989.37,1048781
2012-09-28,997.42,1037.6,989.37,997.42,1365305
2012-10-01,989.37,1005.48,981.31,981.31,755381
2012-10-02,981.31,1005.48,981.31,989.37,690234
2012-10-03,989.37,997.42,981.31,981.31,441590
2012-10-04,981.31,981.31,941.14,957.16,1391040
2012-10-05,949.12,973.27,941.14,973.27,1277905
2012-10-09,965.21,973.27,941.14,941.14,848500
2012-10-10,925.05,933.08,892.84,900.89,1044678
2012-10-11,892.84,916.99,892.84,916.99,1025783
2012-10-12,925.05,933.08,908.94,916.99,699065
2012-10-15,925.05,965.21,916.99,957.16,1421125
2012-10-16,973.27,981.31,957.16,973.27,1200330
2012-10-17,989.37,989.37,957.16,965.21,1325148
2012-10-18,973.27,989.37,965.21,989.37,1782903
2012-10-19,973.27,989.37,965.21,973.27,1499821
2012-10-22,957.16,965.21,949.12,957.16,1488756
2012-10-23,965.21,973.27,949.12,973.27,1008128
2012-10-24,957.16,973.27,949.12,957.16,658780
2012-10-25,957.16,989.37,957.16,973.27,827239
2012-10-26,981.31,981.31,949.12,957.16,808091
2012-10-29,957.16,965.21,949.12,965.21,519666
2012-10-30,965.21,973.27,957.16,957.16,759981
2012-10-31,965.21,1005.48,957.16,981.31,1054625
2012-11-01,989.37,989.37,957.16,965.21,989728
2012-11-02,965.21,981.31,933.08,933.08,2051439
2012-11-05,933.08,941.14,908.94,916.99,1312840
2012-11-06,916.99,925.05,908.94,908.94,899720
2012-11-07,916.99,925.05,900.89,908.94,1461158
2012-11-08,908.94,925.05,900.89,916.99,1035105
2012-11-09,908.94,916.99,892.84,908.94,1616063
2012-11-12,908.94,916.99,900.89,908.94,676311
2012-11-13,908.94,916.99,852.65,884.8,2330416
2012-11-14,884.8,884.8,868.68,876.72,549876
2012-11-15,884.8,900.89,876.72,900.89,1341186
2012-11-16,908.94,949.12,900.89,949.12,1929727
2012-11-20,949.12,957.16,933.08,941.14,878212
2012-11-21,949.12,973.27,933.08,949.12,1375996
2012-11-22,965.21,989.37,965.21,973.27,1607361
2012-11-26,997.42,1021.57,989.37,997.42,1329501
2012-11-27,1005.48,1013.53,973.27,981.31,1540600
2012-11-28,981.31,981.31,957.16,965.21,365008
2012-11-29,973.27,973.27,957.16,965.21,561065
2012-11-30,973.27,973.27,949.12,957.16,1283502
2012-12-03,965.21,973.27,957.16,965.21,619373
2012-12-04,957.16,965.21,949.12,965.21,594883
2012-12-05,965.21,965.21,949.12,957.16,951313
2012-12-06,965.21,973.27,949.12,957.16,1639683
2012-12-07,957.16,957.16,933.08,941.14,1154829
2012-12-10,949.12,949.12,941.14,949.12,520039
2012-12-11,941.14,957.16,941.14,957.16,747672
2012-12-12,957.16,965.21,949.12,949.12,713981
2012-12-13,965.21,989.37,957.16,981.31,2800602
2012-12-14,981.31,997.42,973.27,989.37,2151394
2012-12-17,1005.48,1013.53,981.31,989.37,1481172
2012-12-18,989.37,1013.53,981.31,989.37,2671805
2012-12-19,1005.48,1013.53,989.37,997.42,3053972
2012-12-20,997.42,1021.57,989.37,1013.53,2480972
2012-12-21,1029.54,1037.6,997.42,997.42,2935743
2012-12-25,1013.53,1029.54,1005.48,1005.48,1479555
2012-12-26,1005.48,1037.6,997.42,1029.54,2744036
2012-12-27,1045.65,1053.71,1021.57,1045.65,1830148
2012-12-28,1053.71,1061.76,1037.6,1053.71,1178696
2013-01-04,1093.96,1102.01,1069.8,1085.92,1360706
2013-01-07,1102.01,1102.01,1069.8,1069.8,1361698
2013-01-08,1077.85,1077.85,1053.71,1061.76,1987412
2013-01-09,1061.76,1085.92,1053.71,1077.85,1934699
2013-01-10,1093.96,1142.19,1093.96,1126.08,2936363
2013-01-11,1150.24,1158.27,1142.19,1158.27,2202986
2013-01-15,1182.44,1198.48,1166.33,1182.44,2686974
2013-01-16,1190.5,1190.5,1118.03,1126.08,2715691
2013-01-17,1126.08,1142.19,1085.92,1109.99,2158232
2013-01-18,1142.19,1150.24,1126.08,1150.24,1274675
2013-01-21,1150.24,1150.24,1109.99,1142.19,1493109
2013-01-22,1134.14,1134.14,1093.96,1102.01,1870176
2013-01-23,1085.92,1085.92,1053.71,1053.71,1912944
2013-01-24,1053.71,1077.85,1045.65,1061.76,1629488
2013-01-25,1069.8,1093.96,1069.8,1093.96,1622653
2013-01-28,1109.99,1109.99,1069.8,1085.92,1802544
2013-01-29,1069.8,1102.01,1061.76,1093.96,1574291
2013-01-30,1085.92,1109.99,1077.85,1109.99,1652241
2013-01-31,1102.01,1126.08,1085.92,1126.08,2142318
2013-02-01,1126.08,1134.14,1085.92,1093.96,2722281
2013-02-04,1102.01,1126.08,1085.92,1126.08,2593608
2013-02-05,1109.99,1126.08,1102.01,1109.99,2819376
2013-02-06,1134.14,1150.24,1118.03,1134.14,3723695
2013-02-07,1134.14,1206.53,1126.08,1198.48,4708077
2013-02-08,1182.44,1190.5,1134.14,1142.19,1965655
2013-02-12,1158.27,1166.33,1126.08,1134.14,2246624
2013-02-13,1134.14,1134.14,1093.96,1093.96,2360752
2013-02-14,1093.96,1109.99,1077.85,1077.85,2613249
2013-02-15,1061.76,1061.76,1005.48,1029.54,4224713
2013-02-18,1037.6,1045.65,1029.54,1045.65,1356726
2013-02-19,1037.6,1077.85,1029.54,1037.6,2785063
2013-02-20,1045.65,1069.8,1037.6,1061.76,3524408
2013-02-21,1061.76,1085.92,1053.71,1077.85,2011407
2013-02-22,1069.8,1093.96,1061.76,1093.96,2584656
2013-02-25,1126.08,1134.14,1109.99,1118.03,3223672
2013-02-26,1102.01,1126.08,1093.96,1102.01,1837231
2013-02-27,1118.03,1142.19,1102.01,1118.03,3060684
2013-02-28,1158.27,1182.44,1142.19,1158.27,5310419
2013-03-01,1150.24,1166.33,1126.08,1134.14,2944941
2013-03-04,1142.19,1150.24,1126.08,1142.19,1839096
2013-03-05,1142.19,1150.24,1134.14,1142.19,572877
2013-03-06,1142.19,1158.27,1126.08,1158.27,1374008
2013-03-07,1150.24,1158.27,1118.03,1134.14,2261170
2013-03-08,1134.14,1150.24,1126.08,1142.19,2389842
2013-03-11,1150.24,1150.24,1109.99,1126.08,2430370
2013-03-12,1126.08,1142.19,1118.03,1118.03,2189931
2013-03-13,1118.03,1126.08,1102.01,1102.01,1570439
2013-03-14,1118.03,1118.03,1102.01,1118.03,834698
2013-03-15,1118.03,1134.14,1109.99,1134.14,2255576
2013-03-18,1134.14,1134.14,1118.03,1118.03,1455188
2013-03-19,1134.14,1150.24,1126.08,1134.14,996566
2013-03-21,1118.03,1150.24,1118.03,1150.24,1768728
2013-03-22,1134.14,1142.19,1126.08,1134.14,1602511
2013-03-25,1134.14,1142.19,1118.03,1126.08,685635
2013-03-26,1126.08,1126.08,1109.99,1109.99,935647
2013-03-27,1142.19,1158.27,1126.08,1150.24,2029557
2013-03-28,1150.24,1150.24,1118.03,1134.14,955788
2013-03-29,1134.14,1134.14,1118.03,1134.14,716467
2013-04-01,1142.19,1142.19,1126.08,1134.14,1648139
2013-04-02,1118.03,1126.08,1077.85,1085.92,1623647
2013-04-03,1109.99,1109.99,1069.8,1069.8,1131208
2013-04-04,1053.71,1069.8,1021.57,1061.76,2254955
2013-04-05,1093.96,1109.99,1077.85,1085.92,1833127
2013-04-08,1109.99,1126.08,1102.01,1118.03,1428212
2013-04-09,1126.08,1142.19,1118.03,1142.19,1346904
2013-04-10,1150.24,1295,1142.19,1278.89,6981926
2013-04-11,1254.83,1262.88,1198.48,1262.88,4264994
2013-04-12,1238.74,1254.83,1206.53,1246.78,2398671
2013-04-15,1222.62,1238.74,1222.62,1238.74,1102116
2013-04-16,1206.53,1222.62,1182.44,1206.53,1783151
2013-04-17,1214.57,1222.62,1198.48,1206.53,1046419
2013-04-18,1206.53,1214.57,1190.5,1198.48,702917
2013-04-19,1198.48,1222.62,1190.5,1198.48,1143515
2013-04-22,1222.62,1246.78,1214.57,1230.68,1243840
2013-04-23,1238.74,1278.89,1238.74,1246.78,2349188
2013-04-24,1262.88,1319.15,1254.83,1311.11,3248537
2013-04-25,1319.15,1319.15,1270.93,1295,2498874
2013-04-26,1295,1295,1246.78,1262.88,1155573
2013-04-30,1262.88,1262.88,1230.68,1262.88,1217609
2013-05-01,1222.62,1238.74,1206.53,1214.57,1667408
2013-05-02,1214.57,1230.68,1206.53,1206.53,733253
2013-05-07,1238.74,1254.83,1230.68,1254.83,1130584
2013-05-08,1254.83,1295,1246.78,1286.96,2169047
2013-05-09,1254.83,1262.88,1222.62,1230.68,2099178
2013-05-10,1246.78,1254.83,1230.68,1238.74,2221388
2013-05-13,1238.74,1246.78,1230.68,1238.74,1782281
2013-05-14,1238.74,1246.78,1230.68,1238.74,1334971
2013-05-15,1246.78,1303.06,1246.78,1270.93,2977265
2013-05-16,1270.93,1278.89,1230.68,1246.78,1652241
2013-05-17,1254.83,1270.93,1238.74,1270.93,1828527
2013-05-20,1278.89,1311.11,1270.93,1311.11,2126780
2013-05-21,1351.38,1455.87,1351.38,1407.66,6186017
2013-05-22,1415.7,1455.87,1375.44,1383.49,2591868
2013-05-23,1423.75,1504.18,1335.26,1367.38,5583801
2013-05-24,1407.66,1423.75,1319.15,1367.38,2730735
2013-05-27,1343.3,1343.3,1278.89,1303.06,2224371
2013-05-28,1270.93,1343.3,1270.93,1319.15,1629117
2013-05-29,1335.26,1343.3,1303.06,1311.11,1134813
2013-05-30,1286.96,1303.06,1246.78,1254.83,1399370
2013-05-31,1262.88,1270.93,1222.62,1262.88,1247321
2013-06-03,1222.62,1222.62,1174.4,1190.5,1854264
2013-06-04,1174.4,1198.48,1134.14,1198.48,2160097
2013-06-05,1190.5,1222.62,1166.33,1182.44,1721984
2013-06-06,1150.24,1166.33,1109.99,1118.03,2705867
2013-06-07,1109.99,1134.14,1077.85,1118.03,1581749
2013-06-10,1150.24,1166.33,1134.14,1166.33,1189637
2013-06-11,1174.4,1182.44,1142.19,1150.24,1533265
2013-06-12,1126.08,1158.27,1109.99,1142.19,1468619
2013-06-13,1126.08,1134.14,1085.92,1085.92,1586475
2013-06-14,1093.96,1118.03,1077.85,1077.85,2363362
2013-06-17,1061.76,1109.99,1053.71,1109.99,834948
2013-06-18,1109.99,1126.08,1102.01,1109.99,1007753
2013-06-19,1126.08,1134.14,1109.99,1126.08,1929604
2013-06-20,1118.03,1118.03,1085.92,1093.96,1376370
2013-06-21,1061.76,1085.92,1061.76,1077.85,2241154
2013-06-24,1077.85,1085.92,1053.71,1061.76,2023714
2013-06-25,1061.76,1085.92,1045.65,1069.8,2591494
2013-06-26,1069.8,1077.85,1045.65,1053.71,1273058
2013-06-27,1061.76,1061.76,1021.57,1029.54,2018743
2013-06-28,1045.65,1069.8,1045.65,1053.71,2300582
2013-07-01,1061.76,1077.85,1053.71,1061.76,2060140
2013-07-02,1077.85,1102.01,1069.8,1102.01,3152807
2013-07-03,1102.01,1109.99,1085.92,1093.96,2364357
2013-07-04,1093.96,1093.96,1077.85,1077.85,762839
2013-07-05,1102.01,1126.08,1093.96,1118.03,1559620
2013-07-08,1134.14,1142.19,1102.01,1109.99,2011780
2013-07-09,1118.03,1126.08,1102.01,1102.01,1401109
2013-07-10,1109.99,1126.08,1102.01,1109.99,2207214
2013-07-11,1093.96,1109.99,1093.96,1109.99,673453
2013-07-12,1109.99,1134.14,1102.01,1118.03,2291751
2013-07-16,1126.08,1142.19,1109.99,1118.03,1602511
2013-07-17,1118.03,1142.19,1109.99,1142.19,2305552
2013-07-18,1150.24,1158.27,1134.14,1158.27,2002332
2013-07-19,1166.33,1166.33,1118.03,1134.14,1748589
2013-07-22,1142.19,1142.19,1118.03,1126.08,773657
2013-07-23,1118.03,1134.14,1118.03,1118.03,646351
2013-07-24,1118.03,1118.03,1102.01,1109.99,1094657
2013-07-25,1109.99,1118.03,1093.96,1093.96,1358093
2013-07-26,1093.96,1102.01,1077.85,1077.85,738101
2013-07-29,1069.8,1069.8,1045.65,1045.65,1454816
2013-07-30,1037.6,1069.8,1029.54,1053.71,3216090
2013-07-31,1069.8,1077.85,1045.65,1061.76,1505169
2013-08-01,1069.8,1109.99,1053.71,1109.99,1819827
2013-08-02,1093.96,1118.03,1069.8,1118.03,1598409
2013-08-05,1118.03,1118.03,1085.92,1102.01,1652365
2013-08-06,1093.96,1118.03,1077.85,1109.99,1553778
2013-08-07,1085.92,1102.01,1069.8,1069.8,986125
2013-08-08,1061.76,1077.85,1037.6,1037.6,1676234
2013-08-09,1037.6,1053.71,1021.57,1029.54,2473760
2013-08-12,1029.54,1045.65,1021.57,1045.65,1080856
2013-08-13,1045.65,1061.76,1045.65,1061.76,915755
2013-08-14,1061.76,1069.8,1045.65,1069.8,888530
2013-08-15,1053.71,1069.8,1053.71,1053.71,602965
2013-08-16,1045.65,1061.76,1029.54,1037.6,1140035
2013-08-19,1045.65,1045.65,1029.54,1037.6,672830
2013-08-20,1029.54,1045.65,1021.57,1021.57,1133321
2013-08-21,1021.57,1029.54,989.37,997.42,1882982
2013-08-22,989.37,997.42,973.27,989.37,1862716
2013-08-23,997.42,1029.54,989.37,1021.57,1324526
2013-08-26,1021.57,1029.54,1005.48,1021.57,1005641
2013-08-27,1021.57,1029.54,1005.48,1021.57,1327885
2013-08-28,1005.48,1013.53,989.37,997.42,1426720
2013-08-29,1013.53,1021.57,1005.48,1013.53,1214503
2013-08-30,1013.53,1021.57,997.42,997.42,621610
2013-09-02,1005.48,1013.53,989.37,989.37,677804
2013-09-03,1013.53,1045.65,1005.48,1037.6,1405587
2013-09-04,1037.6,1053.71,1021.57,1045.65,1611337
2013-09-05,1045.65,1053.71,1029.54,1029.54,869883
2013-09-06,1029.54,1037.6,1005.48,1005.48,1127727
2013-09-09,1029.54,1037.6,1013.53,1013.53,984754
2013-09-10,1021.57,1045.65,1013.53,1045.65,1331614
2013-09-11,1053.71,1069.8,1045.65,1061.76,1597788
2013-09-12,1061.76,1069.8,1045.65,1053.71,1585356
2013-09-13,1045.65,1061.76,1029.54,1045.65,1506659
2013-09-17,1053.71,1053.71,1045.65,1045.65,794418
2013-09-18,1061.76,1061.76,1029.54,1037.6,2072198
2013-09-19,1045.65,1085.92,1037.6,1077.85,3080203
2013-09-20,1085.92,1093.96,1061.76,1069.8,1817462
2013-09-24,1053.71,1061.76,1053.71,1061.76,638765
2013-09-25,1069.8,1077.85,1061.76,1069.8,1138293
2013-09-26,1085.92,1093.96,1061.76,1093.96,1590700
2013-09-27,1102.01,1118.03,1093.96,1102.01,1464885
2013-09-30,1085.92,1085.92,1069.8,1069.8,1376743
2013-10-01,1077.85,1085.92,1061.76,1069.8,1651868
2013-10-02,1069.8,1077.85,1053.71,1053.71,1125486
2013-10-03,1077.85,1093.96,1061.76,1061.76,3476170
2013-10-04,1069.8,1077.85,1045.65,1045.65,2924555
2013-10-07,1053.71,1061.76,1029.54,1037.6,1473092
2013-10-08,1029.54,1037.6,1029.54,1029.54,1395889
2013-10-09,1029.54,1053.71,1021.57,1045.65,2077174
2013-10-10,1053.71,1069.8,1037.6,1061.76,1917418
2013-10-11,1069.8,1085.92,1053.71,1077.85,2736701
2013-10-15,1085.92,1085.92,1061.76,1077.85,1603133
2013-10-16,1077.85,1085.92,1061.76,1085.92,1064073
2013-10-17,1085.92,1093.96,1069.8,1077.85,1540353
2013-10-18,1069.8,1085.92,1069.8,1077.85,1168005
2013-10-21,1093.96,1118.03,1077.85,1093.96,2447280
2013-10-22,1093.96,1109.99,1085.92,1109.99,1702094
2013-10-23,1109.99,1118.03,1077.85,1077.85,1361576
2013-10-24,1085.92,1093.96,1077.85,1093.96,1391910
2013-10-25,1102.01,1109.99,1053.71,1069.8,3663771
2013-10-28,1077.85,1085.92,1069.8,1085.92,1066684
2013-10-29,1069.8,1085.92,1061.76,1069.8,1172607
2013-10-30,1077.85,1085.92,1061.76,1069.8,1072031
2013-10-31,1069.8,1085.92,1069.8,1069.8,1231535
2013-11-01,1085.92,1109.99,1077.85,1102.01,3518190
2013-11-05,1102.01,1109.99,1069.8,1102.01,1760027
2013-11-06,1102.01,1118.03,1085.92,1109.99,2084758
2013-11-07,1109.99,1118.03,1093.96,1093.96,1574416
2013-11-08,1085.92,1102.01,1077.85,1093.96,825748
2013-11-11,1109.99,1126.08,1102.01,1126.08,1914560
2013-11-12,1118.03,1142.19,1118.03,1142.19,2554942
2013-11-13,1134.14,1142.19,1102.01,1134.14,2329299
2013-11-14,1134.14,1158.27,1118.03,1150.24,2089854
2013-11-15,1158.27,1158.27,1142.19,1158.27,1096274
2013-11-18,1166.33,1166.33,1142.19,1158.27,1834250
2013-11-19,1150.24,1198.48,1150.24,1190.5,3344637
2013-11-20,1182.44,1222.62,1182.44,1206.53,3777403
2013-11-21,1214.57,1246.78,1206.53,1230.68,3106560
2013-11-22,1254.83,1270.93,1246.78,1262.88,4357488
2013-11-25,1278.89,1311.11,1270.93,1303.06,4161805
2013-11-26,1295,1295,1254.83,1270.93,3180781
2013-11-27,1254.83,1278.89,1246.78,1278.89,1531895
2013-11-28,1278.89,1295,1262.88,1278.89,1303144
2013-11-29,1278.89,1286.96,1254.83,1278.89,2174890
2013-12-02,1270.93,1286.96,1262.88,1270.93,1157563
2013-12-03,1278.89,1278.89,1254.83,1270.93,632301
2013-12-04,1254.83,1270.93,1230.68,1246.78,1708559
2013-12-05,1230.68,1262.88,1230.68,1246.78,1430450
2013-12-06,1230.68,1254.83,1222.62,1246.78,1611586
2013-12-09,1262.88,1278.89,1254.83,1270.93,1822810
2013-12-10,1270.93,1278.89,1246.78,1262.88,1607235
2013-12-11,1254.83,1262.88,1238.74,1246.78,1326021
2013-12-12,1238.74,1238.74,1214.57,1230.68,1247572
2013-12-13,1222.62,1270.93,1206.53,1214.57,4949012
2013-12-16,1190.5,1198.48,1142.19,1150.24,5225382
2013-12-17,1166.33,1174.4,1158.27,1174.4,2922687
2013-12-18,1166.33,1198.48,1166.33,1198.48,1199086
2013-12-19,1206.53,1214.57,1190.5,1198.48,929805
2013-12-20,1190.5,1206.53,1182.44,1190.5,2264898
2013-12-24,1198.48,1214.57,1182.44,1182.44,1956582
2013-12-25,1190.5,1206.53,1182.44,1206.53,2838026
2013-12-26,1190.5,1206.53,1182.44,1206.53,1576903
2013-12-27,1206.53,1206.53,1190.5,1206.53,751403
2013-12-30,1206.53,1206.53,1190.5,1198.48,869382
2014-01-06,1206.53,1222.62,1198.48,1206.53,2357147
2014-01-07,1198.48,1206.53,1182.44,1182.44,1743493
2014-01-08,1198.48,1206.53,1174.4,1198.48,1661564
2014-01-09,1198.48,1214.57,1182.44,1214.57,4160811
2014-01-10,1206.53,1222.62,1198.48,1222.62,3375966
2014-01-14,1198.48,1198.48,1182.44,1190.5,1002781
2014-01-15,1206.53,1222.62,1198.48,1206.53,2605791
2014-01-16,1214.57,1254.83,1206.53,1246.78,3714743
2014-01-17,1238.74,1311.11,1230.68,1295,7322820
2014-01-20,1295,1319.15,1270.93,1278.89,4355872
2014-01-21,1278.89,1286.96,1254.83,1278.89,2097186
2014-01-22,1270.93,1295,1262.88,1270.93,1458670
2014-01-23,1270.93,1278.89,1230.68,1246.78,2961724
2014-01-24,1230.68,1246.78,1198.48,1214.57,3109791
2014-01-27,1182.44,1182.44,1158.27,1166.33,3000763
2014-01-28,1174.4,1182.44,1150.24,1158.27,2019115
2014-01-29,1174.4,1190.5,1166.33,1190.5,2085378
2014-01-30,1166.33,1174.4,1150.24,1158.27,1492114
2014-01-31,1166.33,1174.4,1126.08,1126.08,2403270
2014-02-03,1118.03,1142.19,1109.99,1126.08,1373883
2014-02-04,1093.96,1102.01,1061.76,1069.8,2499246
2014-02-05,1085.92,1093.96,1069.8,1085.92,1961679
2014-02-06,1085.92,1085.92,1069.8,1085.92,1543334
2014-02-07,1093.96,1109.99,1085.92,1102.01,2721534
2014-02-10,1109.99,1118.03,1093.96,1102.01,1058729
2014-02-12,1109.99,1134.14,1109.99,1126.08,2080528
2014-02-13,1118.03,1126.08,1085.92,1102.01,1266345
2014-02-14,1126.08,1142.19,1093.96,1118.03,2548602
2014-02-17,1118.03,1142.19,1102.01,1126.08,1433309
2014-02-18,1134.14,1182.44,1134.14,1174.4,1878381
2014-02-19,1158.27,1190.5,1150.24,1190.5,1680337
2014-02-20,1198.48,1214.57,1158.27,1166.33,2345459
2014-02-21,1198.48,1238.74,1190.5,1222.62,2431989
2014-02-24,1214.57,1230.68,1198.48,1214.57,1701968
2014-02-25,1214.57,1222.62,1198.48,1214.57,1293697
2014-02-26,1198.48,1214.57,1166.33,1190.5,1330495
2014-02-27,1190.5,1198.48,1174.4,1174.4,917870
2014-02-28,1174.4,1198.48,1166.33,1182.44,1141649
2014-03-03,1174.4,1174.4,1142.19,1158.27,1175340
2014-03-04,1150.24,1182.44,1142.19,1174.4,1354239
2014-03-05,1182.44,1190.5,1150.24,1158.27,1365677
2014-03-06,1158.27,1182.44,1150.24,1174.4,1192620
2014-03-07,1190.5,1198.48,1166.33,1182.44,1279399
2014-03-10,1182.44,1182.44,1166.33,1182.44,712115
2014-03-11,1174.4,1190.5,1166.33,1190.5,945097
2014-03-12,1174.4,1174.4,1150.24,1166.33,696824
2014-03-13,1158.27,1166.33,1142.19,1150.24,804364
2014-03-14,1109.99,1126.08,1093.96,1102.01,1786259
2014-03-17,1093.96,1102.01,1077.85,1085.92,894001
2014-03-18,1102.01,1118.03,1085.92,1109.99,794792
2014-03-19,1109.99,1134.14,1077.85,1093.96,2593608
2014-03-20,1093.96,1102.01,1069.8,1085.92,1360333
2014-03-24,1109.99,1166.33,1102.01,1142.19,2096443
2014-03-25,1166.33,1174.4,1142.19,1150.24,1924504
2014-03-26,1142.19,1158.27,1118.03,1126.08,1515362
2014-03-27,1134.14,1158.27,1109.99,1158.27,1182303
2014-03-28,1158.27,1166.33,1134.14,1150.24,1019690
2014-03-31,1158.27,1174.4,1150.24,1174.4,906059
2014-04-01,1182.44,1214.57,1174.4,1198.48,1527795
2014-04-02,1206.53,1222.62,1198.48,1206.53,958026
2014-04-03,1206.53,1206.53,1182.44,1190.5,622232
2014-04-04,1206.53,1206.53,1166.33,1182.44,1370526
2014-04-07,1174.4,1182.44,1150.24,1166.33,849119
2014-04-08,1150.24,1158.27,1142.19,1150.24,1016707
2014-04-09,1134.14,1142.19,1109.99,1126.08,868513
2014-04-10,1142.19,1142.19,1109.99,1118.03,1622525
2014-04-11,1093.96,1109.99,1093.96,1093.96,1770719
2014-04-14,1093.96,1126.08,1085.92,1102.01,1606367
2014-04-15,1109.99,1126.08,1093.96,1118.03,1139909
2014-04-16,1126.08,1142.19,1118.03,1134.14,853471
2014-04-17,1142.19,1150.24,1134.14,1142.19,535828
2014-04-18,1142.19,1150.24,1134.14,1142.19,314908
2014-04-21,1142.19,1150.24,1126.08,1126.08,704162
2014-04-22,1134.14,1134.14,1109.99,1109.99,927815
2014-04-23,1109.99,1134.14,1109.99,1118.03,1571182
2014-04-24,1118.03,1118.03,1093.96,1093.96,1254036
2014-04-25,1093.96,1118.03,1093.96,1102.01,715350
2014-04-28,1093.96,1102.01,1085.92,1093.96,512951
2014-04-30,1109.99,1109.99,1085.92,1093.96,1112808
2014-05-01,1085.92,1093.96,1077.85,1085.92,1469240
2014-05-02,1085.92,1085.92,1069.8,1077.85,1282755
2014-05-07,1085.92,1085.92,1053.71,1077.85,1684812
2014-05-08,1077.85,1118.03,1077.85,1118.03,1935569
2014-05-09,1085.92,1102.01,1077.85,1093.96,1738645
2014-05-12,1085.92,1093.96,1053.71,1061.76,2184712
2014-05-13,1069.8,1085.92,1069.8,1085.92,1072776
2014-05-14,1085.92,1093.96,1077.85,1077.85,859564
2014-05-15,1061.76,1069.8,1021.57,1037.6,4197238
2014-05-16,1029.54,1037.6,1021.57,1029.54,1228551
2014-05-19,1029.54,1045.65,1021.57,1029.54,966853
2014-05-20,1037.6,1061.76,1029.54,1053.71,1408195
2014-05-21,1029.54,1037.6,1021.57,1029.54,1040326
2014-05-22,1029.54,1053.71,1029.54,1045.65,1312964
2014-05-23,1053.71,1061.76,1037.6,1045.65,2460955
2014-05-26,1053.71,1069.8,1053.71,1061.76,1118027
2014-05-27,1069.8,1077.85,1053.71,1061.76,1346783
2014-05-28,1053.71,1061.76,1045.65,1045.65,1560118
2014-05-29,1045.65,1069.8,1037.6,1061.76,1760896
2014-05-30,1061.76,1077.85,1045.65,1045.65,11817807
2014-06-02,1061.76,1077.85,1053.71,1077.85,2573716
2014-06-03,1069.8,1077.85,1053.71,1053.71,1874901
2014-06-04,1061.76,1077.85,1053.71,1077.85,1395018
2014-06-05,1069.8,1077.85,1061.76,1061.76,1238372
2014-06-06,1077.85,1085.92,1069.8,1069.8,1392407
2014-06-09,1077.85,1093.96,1077.85,1077.85,1348896
2014-06-10,1077.85,1085.92,1069.8,1069.8,1270820
2014-06-11,1077.85,1085.92,1069.8,1069.8,1941663
2014-06-12,1077.85,1102.01,1069.8,1102.01,2506956
2014-06-13,1093.96,1109.99,1085.92,1102.01,1883977
2014-06-16,1109.99,1118.03,1093.96,1102.01,1214005
2014-06-17,1093.96,1126.08,1093.96,1102.01,1083965
2014-06-18,1109.99,1126.08,1102.01,1126.08,1414787
2014-06-19,1134.14,1142.19,1126.08,1142.19,1477443
2014-06-20,1142.19,1158.27,1126.08,1158.27,1791604
2014-06-23,1174.4,1182.44,1158.27,1166.33,1597415
2014-06-24,1174.4,1174.4,1142.19,1158.27,1335839
2014-06-25,1150.24,1158.27,1134.14,1134.14,1393524
2014-06-26,1142.19,1150.24,1134.14,1142.19,680291
2014-06-27,1142.19,1150.24,1126.08,1134.14,858444
2014-06-30,1142.19,1158.27,1134.14,1158.27,690609
2014-07-01,1158.27,1182.44,1150.24,1166.33,976054
2014-07-02,1166.33,1174.4,1142.19,1150.24,1489253
2014-07-03,1158.27,1158.27,1142.19,1158.27,1015338
2014-07-04,1166.33,1166.33,1142.19,1166.33,1583490
2014-07-07,1166.33,1174.4,1158.27,1174.4,689613
2014-07-08,1158.27,1166.33,1158.27,1166.33,444202
2014-07-09,1158.27,1174.4,1150.24,1158.27,1196352
2014-07-10,1166.33,1166.33,1142.19,1150.24,1113179
2014-07-11,1134.14,1158.27,1134.14,1150.24,1248442
2014-07-14,1158.27,1166.33,1142.19,1158.27,1077003
2014-07-15,1142.19,1166.33,1134.14,1150.24,2592984
2014-07-16,1158.27,1174.4,1158.27,1158.27,1220841
2014-07-17,1158.27,1166.33,1150.24,1150.24,542417
2014-07-18,1142.19,1150.24,1134.14,1150.24,1074764
2014-07-22,1150.24,1182.44,1142.19,1174.4,1821939
2014-07-23,1166.33,1190.5,1158.27,1174.4,1538859
2014-07-24,1174.4,1230.68,1174.4,1214.57,3251519
2014-07-25,1222.62,1222.62,1190.5,1198.48,790937
2014-07-28,1214.57,1214.57,1198.48,1198.48,583816
2014-07-29,1206.53,1230.68,1206.53,1230.68,840916
2014-07-30,1222.62,1230.68,1198.48,1206.53,1960560
2014-07-31,1206.53,1222.62,1198.48,1214.57,1076627
2014-08-01,1230.68,1246.78,1190.5,1198.48,4186920
2014-08-04,1198.48,1198.48,1150.24,1158.27,2340237
2014-08-05,1158.27,1174.4,1142.19,1142.19,1165894
2014-08-06,1142.19,1150.24,1118.03,1126.08,1777682
2014-08-07,1126.08,1134.14,1109.99,1118.03,3340536
2014-08-08,1118.03,1126.08,1085.92,1093.96,2966574
2014-08-11,1109.99,1126.08,1109.99,1118.03,1279896
2014-08-12,1126.08,1134.14,1102.01,1109.99,1662809
2014-08-13,1109.99,1126.08,1102.01,1118.03,1666661
2014-08-14,1134.14,1142.19,1126.08,1126.08,738101
2014-08-15,1126.08,1142.19,1109.99,1134.14,1406704
2014-08-18,1150.24,1150.24,1126.08,1134.14,1078989
2014-08-19,1150.24,1150.24,1134.14,1142.19,1313712
2014-08-20,1142.19,1150.24,1134.14,1142.19,1035603
2014-08-21,1150.24,1158.27,1142.19,1150.24,1441266
2014-08-22,1158.27,1166.33,1142.19,1142.19,2112481
2014-08-25,1150.24,1166.33,1150.24,1150.24,1252545
2014-08-26,1150.24,1166.33,1150.24,1158.27,1345537
2014-08-27,1174.4,1198.48,1174.4,1190.5,2447529
2014-08-28,1198.48,1214.57,1190.5,1190.5,2033538
2014-08-29,1190.5,1206.53,1182.44,1206.53,899720
2014-09-01,1206.53,1222.62,1206.53,1214.57,1110195
2014-09-02,1222.62,1238.74,1222.62,1230.68,1429827
2014-09-03,1230.68,1230.68,1214.57,1222.62,1424234
2014-09-04,1222.62,1230.68,1190.5,1198.48,1855007
2014-09-05,1198.48,1206.53,1182.44,1190.5,1622900
2014-09-08,1198.48,1198.48,1174.4,1190.5,1282009
2014-09-09,1198.48,1214.57,1190.5,1214.57,818287
2014-09-10,1206.53,1230.68,1206.53,1222.62,1807521
2014-09-11,1230.68,1246.78,1222.62,1230.68,997685
2014-09-12,1238.74,1238.74,1222.62,1230.68,1194859
2014-09-16,1238.74,1246.78,1230.68,1246.78,679420
2014-09-17,1246.78,1254.83,1222.62,1230.68,1553902
2014-09-18,1230.68,1238.74,1222.62,1222.62,1058975
2014-09-19,1230.68,1246.78,1222.62,1246.78,1970257
2014-09-22,1254.83,1262.88,1246.78,1254.83,711992
2014-09-24,1246.78,1254.83,1206.53,1214.57,1543334
2014-09-25,1214.57,1222.62,1158.27,1174.4,4129482
2014-09-26,1166.33,1182.44,1158.27,1174.4,1086201
2014-09-29,1182.44,1182.44,1166.33,1166.33,897233
2014-09-30,1174.4,1174.4,1158.27,1158.27,769428
2014-10-01,1166.33,1182.44,1150.24,1158.27,892135
2014-10-02,1142.19,1150.24,1126.08,1126.08,1419385
2014-10-03,1126.08,1134.14,1118.03,1134.14,1409690
2014-10-06,1142.19,1150.24,1134.14,1142.19,682901
2014-10-07,1142.19,1142.19,1126.08,1134.14,1103609
2014-10-08,1134.14,1134.14,1109.99,1118.03,2046466
2014-10-09,1126.08,1126.08,1102.01,1102.01,886541
2014-10-10,1085.92,1093.96,1077.85,1085.92,1145006
2014-10-14,1069.8,1085.92,1061.76,1061.76,2045719
2014-10-15,1069.8,1102.01,1061.76,1093.96,1931966
2014-10-16,1069.8,1077.85,1053.71,1061.76,2065487
2014-10-17,1077.85,1077.85,1053.71,1053.71,1203811
2014-10-20,1077.85,1085.92,1053.71,1077.85,2703382
2014-10-21,1077.85,1077.85,1045.65,1053.71,1997109
2014-10-22,1069.8,1077.85,1053.71,1077.85,1623647
2014-10-23,1069.8,1093.96,1069.8,1077.85,1591198
2014-10-24,1085.92,1093.96,1077.85,1085.92,661394
2014-10-27,1102.01,1109.99,1093.96,1102.01,651571
2014-10-28,1093.96,1102.01,1085.92,1085.92,617383
2014-10-29,1093.96,1109.99,1085.92,1093.96,1590700
2014-10-30,1102.01,1126.08,1093.96,1109.99,1435422
2014-10-31,1126.08,1174.4,1118.03,1174.4,2429998
2014-11-04,1206.53,1214.57,1190.5,1206.53,2917092
2014-11-05,1206.53,1214.57,1190.5,1214.57,1043807
2014-11-06,1214.57,1214.57,1198.48,1206.53,1246702
2014-11-07,1206.53,1230.68,1206.53,1222.62,1461033
2014-11-10,1206.53,1230.68,1206.53,1222.62,771667
2014-11-11,1222.62,1230.68,1206.53,1214.57,933784
2014-11-12,1222.62,1230.68,1206.53,1214.57,1327387
2014-11-13,1206.53,1222.62,1198.48,1222.62,732255
2014-11-14,1222.62,1230.68,1214.57,1230.68,1263235
2014-11-17,1230.68,1230.68,1206.53,1206.53,973940
2014-11-18,1206.53,1222.62,1206.53,1222.62,525884
2014-11-19,1230.68,1254.83,1230.68,1238.74,1915057
2014-11-20,1254.83,1270.93,1238.74,1246.78,2196522
2014-11-21,1254.83,1270.93,1238.74,1262.88,1536125
2014-11-25,1278.89,1295,1262.88,1295,1785514
2014-11-26,1295,1319.15,1286.96,1311.11,1675488
2014-11-27,1319.15,1327.21,1303.06,1327.21,1768977
2014-11-28,1327.21,1335.26,1303.06,1319.15,1615440
2014-12-01,1303.06,1327.21,1303.06,1327.21,904442
2014-12-02,1319.15,1359.34,1319.15,1359.34,1616188
2014-12-03,1367.38,1423.75,1367.38,1407.66,2382260
2014-12-04,1439.77,1463.93,1415.7,1431.8,2237671
2014-12-05,1431.8,1447.81,1415.7,1439.77,1061339
2014-12-08,1447.81,1471.98,1431.8,1463.93,1612082
2014-12-09,1463.93,1488.08,1439.77,1447.81,1568820
2014-12-10,1423.75,1431.8,1391.53,1407.66,1670515
2014-12-11,1375.44,1447.81,1375.44,1439.77,1699359
2014-12-12,1423.75,1480.01,1303.06,1303.06,7418920
2014-12-15,1286.96,1286.96,1222.62,1238.74,4196991
2014-12-16,1238.74,1254.83,1206.53,1222.62,3090149
2014-12-17,1214.57,1254.83,1206.53,1214.57,2411724
2014-12-18,1246.78,1262.88,1222.62,1230.68,2336508
2014-12-19,1238.74,1246.78,1190.5,1222.62,3427312
2014-12-22,1222.62,1246.78,1214.57,1230.68,1171487
2014-12-24,1254.83,1262.88,1230.68,1238.74,1845935
2014-12-25,1246.78,1254.83,1230.68,1238.74,1373883
2014-12-26,1214.57,1214.57,1174.4,1198.48,3087911
2014-12-29,1206.53,1222.62,1190.5,1206.53,1818582
2014-12-30,1198.48,1206.53,1190.5,1198.48,572503
2015-01-05,1190.5,1214.57,1182.44,1198.48,1058729
2015-01-06,1182.44,1190.5,1142.19,1150.24,2860403
2015-01-07,1134.14,1166.33,1134.14,1158.27,1201324
2015-01-08,1174.4,1182.44,1158.27,1174.4,1461281
2015-01-09,1182.44,1190.5,1158.27,1166.33,1580628
2015-01-13,1150.24,1158.27,1142.19,1158.27,1345911
2015-01-14,1150.24,1166.33,1142.19,1150.24,1316447
2015-01-15,1150.24,1166.33,1150.24,1158.27,1165395
2015-01-16,1150.24,1150.24,1118.03,1142.19,1797075
2015-01-19,1142.19,1150.24,1126.08,1134.14,1367172
2015-01-20,1134.14,1166.33,1126.08,1158.27,1442261
2015-01-21,1158.27,1166.33,1126.08,1134.14,1054750
2015-01-22,1142.19,1150.24,1134.14,1150.24,636776
2015-01-23,1150.24,1174.4,1150.24,1158.27,1261621
2015-01-26,1142.19,1174.4,1142.19,1150.24,980777
2015-01-27,1158.27,1174.4,1150.24,1166.33,1462525
2015-01-28,1166.33,1222.62,1158.27,1206.53,2029931
2015-01-29,1206.53,1238.74,1190.5,1222.62,2108875
2015-01-30,1230.68,1246.78,1214.57,1214.57,1545697
2015-02-02,1206.53,1206.53,1182.44,1190.5,1490001
2015-02-03,1198.48,1206.53,1190.5,1198.48,1089060
2015-02-04,1214.57,1238.74,1206.53,1230.68,1017203
2015-02-05,1230.68,1238.74,1206.53,1214.57,805360
2015-02-06,1230.68,1238.74,1222.62,1230.68,1433808
2015-02-09,1222.62,1238.74,1214.57,1230.68,1296680
2015-02-10,1214.57,1222.62,1190.5,1214.57,1861723
2015-02-12,1222.62,1246.78,1214.57,1230.68,2117454
2015-02-13,1206.53,1214.57,1190.5,1206.53,1888453
2015-02-16,1206.53,1214.57,1198.48,1206.53,1165271
2015-02-17,1214.57,1238.74,1214.57,1230.68,1739391
2015-02-18,1238.74,1254.83,1230.68,1246.78,1453823
2015-02-19,1254.83,1286.96,1246.78,1278.89,1879999
2015-02-20,1278.89,1295,1254.83,1262.88,1610344
2015-02-23,1278.89,1295,1262.88,1270.93,1119521
2015-02-24,1270.93,1278.89,1254.83,1278.89,921102
2015-02-25,1278.89,1286.96,1270.93,1278.89,843152
2015-02-26,1278.89,1303.06,1270.93,1295,1570439
2015-02-27,1303.06,1319.15,1286.96,1295,1482042
2015-03-02,1303.06,1319.15,1286.96,1295,1075758
2015-03-03,1295,1303.06,1278.89,1295,1267589
2015-03-04,1295,1303.06,1278.89,1295,771417
2015-03-05,1286.96,1303.06,1262.88,1270.93,1943404
2015-03-06,1262.88,1286.96,1262.88,1286.96,1362196
2015-03-09,1278.89,1278.89,1270.93,1270.93,976426
2015-03-10,1278.89,1278.89,1230.68,1238.74,2661611
2015-03-11,1238.74,1254.83,1230.68,1230.68,1332234
2015-03-12,1230.68,1246.78,1222.62,1246.78,1969758
2015-03-13,1246.78,1254.83,1222.62,1246.78,2285787
2015-03-16,1238.74,1254.83,1238.74,1254.83,684145
2015-03-17,1270.93,1278.89,1238.74,1246.78,1578393
2015-03-18,1246.78,1262.88,1222.62,1230.68,2269124
2015-03-19,1230.68,1238.74,1214.57,1222.62,1178077
2015-03-20,1222.62,1254.83,1214.57,1246.78,1348523
2015-03-23,1254.83,1262.88,1246.78,1254.83,1055991
2015-03-24,1254.83,1262.88,1238.74,1262.88,1387312
2015-03-25,1262.88,1262.88,1238.74,1246.78,1047785
2015-03-26,1246.78,1246.78,1230.68,1246.78,1046295
2015-03-27,1254.83,1286.96,1238.74,1238.74,2202740
2015-03-30,1246.78,1262.88,1230.68,1230.68,1573047
2015-03-31,1246.78,1254.83,1230.68,1230.68,1599404
2015-04-01,1230.68,1238.74,1214.57,1222.62,1022300
2015-04-02,1222.62,1246.78,1214.57,1238.74,991342
2015-04-03,1246.78,1246.78,1206.53,1230.68,2178372
2015-04-06,1214.57,1222.62,1198.48,1206.53,1233028
2015-04-07,1214.57,1230.68,1214.57,1230.68,1184169
2015-04-08,1222.62,1246.78,1214.57,1222.62,2223250
2015-04-09,1222.62,1222.62,1206.53,1222.62,1136553
2015-04-10,1214.57,1222.62,1206.53,1214.57,1093412
2015-04-13,1214.57,1222.62,1198.48,1214.57,1793223
2015-04-14,1222.62,1238.74,1214.57,1238.74,3390014
2015-04-15,1246.78,1286.96,1238.74,1254.83,3070880
2015-04-16,1270.93,1327.21,1262.88,1311.11,4247215
2015-04-17,1303.06,1367.38,1286.96,1351.38,4332250
2015-04-20,1343.3,1351.38,1319.15,1319.15,2056411
2015-04-21,1343.3,1343.3,1311.11,1327.21,1347775
2015-04-22,1343.3,1375.44,1343.3,1351.38,1744115
2015-04-23,1351.38,1383.49,1343.3,1375.44,2374179
2015-04-24,1383.49,1399.6,1359.34,1367.38,2064369
2015-04-27,1375.44,1383.49,1343.3,1359.34,1754931
2015-04-28,1359.34,1375.44,1351.38,1351.38,775148
2015-04-30,1335.26,1343.3,1319.15,1319.15,1908219
2015-05-01,1311.11,1319.15,1295,1311.11,1900512
2015-05-07,1319.15,1359.34,1311.11,1335.26,2127648
2015-05-08,1335.26,1375.44,1335.26,1367.38,1988160
2015-05-11,1303.06,1335.26,1262.88,1270.93,4592954
2015-05-12,1262.88,1278.89,1246.78,1270.93,1732180
2015-05-13,1278.89,1303.06,1270.93,1295,1817712
2015-05-14,1286.96,1303.06,1278.89,1295,696576
2015-05-15,1303.06,1311.11,1286.96,1303.06,833580
2015-05-18,1311.11,1335.26,1303.06,1327.21,1226562
2015-05-19,1335.26,1351.38,1335.26,1343.3,1169499
2015-05-20,1343.3,1359.34,1335.26,1343.3,1288352
2015-05-21,1335.26,1343.3,1303.06,1319.15,2391087
2015-05-22,1311.11,1367.38,1311.11,1359.34,2366845
2015-05-25,1367.38,1375.44,1351.38,1359.34,814930
2015-05-26,1351.38,1367.38,1351.38,1367.38,774651
2015-05-27,1359.34,1383.49,1359.34,1367.38,1310976
2015-05-28,1407.66,1463.93,1383.49,1391.53,6044914
2015-05-29,1383.49,1415.7,1383.49,1399.6,2005438
2015-06-01,1407.66,1415.7,1399.6,1407.66,1035479
2015-06-02,1423.75,1439.77,1415.7,1423.75,1205053
2015-06-03,1423.75,1431.8,1415.7,1415.7,659405
2015-06-04,1431.8,1447.81,1423.75,1439.77,1584981
2015-06-05,1447.81,1480.01,1439.77,1455.87,3839936
2015-06-08,1455.87,1455.87,1407.66,1415.7,3138012
2015-06-09,1391.53,1399.6,1359.34,1359.34,4119537
2015-06-10,1359.34,1375.44,1335.26,1343.3,2127401
2015-06-11,1351.38,1359.34,1327.21,1335.26,2591744
2015-06-12,1335.26,1351.38,1319.15,1327.21,2876689
2015-06-15,1319.15,1351.38,1319.15,1327.21,1480303
2015-06-16,1327.21,1335.26,1311.11,1319.15,1070290
2015-06-17,1327.21,1335.26,1311.11,1327.21,1507528
2015-06-18,1319.15,1319.15,1295,1295,2223622
2015-06-19,1303.06,1319.15,1286.96,1295,2309530
2015-06-22,1295,1343.3,1286.96,1327.21,1489130
2015-06-23,1351.38,1359.34,1327.21,1351.38,1728449
2015-06-24,1367.38,1367.38,1343.3,1343.3,1556637
2015-06-25,1343.3,1351.38,1335.26,1335.26,1136926
2015-06-26,1335.26,1343.3,1327.21,1335.26,893752
2015-06-29,1295,1319.15,1278.89,1303.06,2047087
2015-06-30,1295,1303.06,1286.96,1303.06,854343
2015-07-01,1303.06,1311.11,1286.96,1286.96,929556
2015-07-02,1303.06,1311.11,1286.96,1295,870876
2015-07-03,1303.06,1319.15,1303.06,1311.11,774401
2015-07-06,1311.11,1327.21,1286.96,1295,2464062
2015-07-07,1311.11,1311.11,1295,1295,1013350
2015-07-08,1295,1303.06,1246.78,1246.78,1869556
2015-07-09,1214.57,1238.74,1174.4,1238.74,3086047
2015-07-10,1230.68,1246.78,1222.62,1230.68,1522822
2015-07-13,1238.74,1254.83,1222.62,1222.62,2530327
2015-07-14,1238.74,1270.93,1238.74,1246.78,2190802
2015-07-15,1254.83,1270.93,1238.74,1238.74,1246206
2015-07-16,1238.74,1246.78,1214.57,1246.78,1871420
2015-07-17,1254.83,1270.93,1246.78,1254.83,1683942
2015-07-21,1270.93,1278.89,1254.83,1254.83,722187
2015-07-22,1254.83,1270.93,1246.78,1262.88,823383
2015-07-23,1254.83,1262.88,1238.74,1246.78,816922
2015-07-24,1246.78,1254.83,1222.62,1230.68,1042939
2015-07-27,1230.68,1238.74,1214.57,1222.62,1781908
2015-07-28,1222.62,1230.68,1206.53,1222.62,1139163
2015-07-29,1230.68,1230.68,1206.53,1222.62,962005
2015-07-30,1230.68,1238.74,1222.62,1222.62,1329872
2015-07-31,1238.74,1254.83,1206.53,1230.68,2876689
2015-08-03,1230.68,1254.83,1222.62,1254.83,1023545
2015-08-04,1254.83,1270.93,1222.62,1230.68,3108549
2015-08-05,1222.62,1238.74,1214.57,1238.74,876967
2015-08-06,1238.74,1278.89,1230.68,1270.93,1702964
2015-08-07,1262.88,1278.89,1254.83,1254.83,1132202
2015-08-10,1246.78,1262.88,1246.78,1262.88,488712
2015-08-11,1270.93,1270.93,1254.83,1270.93,1396881
2015-08-12,1262.88,1270.93,1238.74,1246.78,1147367
2015-08-13,1246.78,1262.88,1230.68,1246.78,1143886
2015-08-14,1246.78,1254.83,1222.62,1230.68,1315078
2015-08-17,1230.68,1238.74,1222.62,1238.74,1151845
2015-08-18,1238.74,1254.83,1230.68,1246.78,1088937
2015-08-19,1238.74,1254.83,1230.68,1230.68,623225
2015-08-20,1230.68,1238.74,1214.57,1222.62,1481670
2015-08-21,1206.53,1214.57,1174.4,1182.44,2159227
2015-08-24,1150.24,1158.27,1118.03,1126.08,3165614
2015-08-25,1085.92,1126.08,1061.76,1085.92,3269298
2015-08-26,1102.01,1109.99,1077.85,1102.01,2240533
2015-08-27,1126.08,1150.24,1118.03,1118.03,2182227
2015-08-28,1134.14,1166.33,1126.08,1166.33,2359757
2015-08-31,1166.33,1166.33,1118.03,1118.03,2670315
2015-09-01,1118.03,1126.08,1085.92,1093.96,2705372
2015-09-02,1077.85,1102.01,1061.76,1077.85,2858785
2015-09-03,1085.92,1093.96,1069.8,1069.8,1954094
2015-09-04,1085.92,1093.96,1069.8,1069.8,2345708
2015-09-07,1061.76,1093.96,1053.71,1085.92,1614322
2015-09-08,1077.85,1093.96,1061.76,1077.85,1601642
2015-09-09,1102.01,1126.08,1093.96,1126.08,1595548
2015-09-10,1085.92,1126.08,1085.92,1118.03,1161791
2015-09-11,1102.01,1118.03,1102.01,1109.99,1258636
2015-09-14,1118.03,1118.03,1085.92,1102.01,1037094
2015-09-15,1093.96,1109.99,1085.92,1093.96,800760
2015-09-16,1102.01,1118.03,1102.01,1109.99,761970
2015-09-17,1109.99,1134.14,1109.99,1118.03,1136180
2015-09-18,1109.99,1118.03,1093.96,1093.96,728402
2015-09-24,1093.96,1102.01,1077.85,1077.85,780617
2015-09-25,1077.85,1085.92,1061.76,1085.92,1734292
2015-09-28,1093.96,1093.96,1061.76,1069.8,1375374
2015-09-29,1061.76,1061.76,1013.53,1021.57,2005188
2015-09-30,1037.6,1053.71,1021.57,1053.71,1205800
2015-10-01,1061.76,1085.92,1053.71,1077.85,1585976
2015-10-02,1069.8,1118.03,1069.8,1093.96,1642542
2015-10-05,1109.99,1134.14,1102.01,1126.08,1399493
2015-10-06,1134.14,1166.33,1126.08,1158.27,2436091
2015-10-07,1134.14,1166.33,1126.08,1150.24,1437786
2015-10-08,1158.27,1190.5,1158.27,1182.44,1729196
2015-10-09,1190.5,1214.57,1182.44,1206.53,1894668
2015-10-13,1190.5,1222.62,1182.44,1206.53,1590949
2015-10-14,1190.5,1206.53,1174.4,1190.5,1596046
2015-10-15,1174.4,1206.53,1166.33,1206.53,1524565
2015-10-16,1214.57,1238.74,1190.5,1238.74,2984225
2015-10-19,1230.68,1238.74,1190.5,1198.48,1953721
2015-10-20,1190.5,1198.48,1150.24,1182.44,3175557
2015-10-21,1182.44,1222.62,1182.44,1214.57,1787131
2015-10-22,1214.57,1238.74,1206.53,1230.68,1646147
2015-10-23,1246.78,1254.83,1222.62,1230.68,1706816
2015-10-26,1246.78,1246.78,1230.68,1238.74,733501
2015-10-27,1246.78,1246.78,1222.62,1238.74,1218855
2015-10-28,1230.68,1238.74,1222.62,1238.74,757743
2015-10-29,1238.74,1246.78,1222.62,1238.74,1010365
2015-10-30,1230.68,1262.88,1222.62,1230.68,3001384
2015-11-02,1230.68,1262.88,1206.53,1254.83,2111983
2015-11-04,1270.93,1270.93,1230.68,1246.78,1777434
2015-11-05,1246.78,1262.88,1238.74,1238.74,1778303
2015-11-06,1238.74,1246.78,1222.62,1222.62,1484156
2015-11-09,1230.68,1238.74,1214.57,1222.62,2331288
2015-11-10,1214.57,1246.78,1214.57,1238.74,1558252
2015-11-11,1246.78,1262.88,1238.74,1254.83,2514910
2015-11-12,1246.78,1254.83,1222.62,1230.68,1546689
2015-11-13,1230.68,1246.78,1222.62,1238.74,912278
2015-11-16,1222.62,1238.74,1214.57,1222.62,745060
2015-11-17,1238.74,1246.78,1238.74,1246.78,986992
2015-11-18,1254.83,1270.93,1254.83,1262.88,1395763
2015-11-19,1270.93,1270.93,1246.78,1262.88,1180564
2015-11-20,1262.88,1262.88,1254.83,1262.88,523522
2015-11-24,1270.93,1286.96,1270.93,1278.89,1807891
2015-11-25,1286.96,1295,1278.89,1286.96,1441017
2015-11-26,1295,1311.11,1295,1311.11,1881988
2015-11-27,1311.11,1319.15,1286.96,1295,1342057
2015-11-30,1295,1303.06,1278.89,1303.06,1894668
2015-12-01,1286.96,1286.96,1262.88,1270.93,1603878
2015-12-02,1270.93,1286.96,1262.88,1262.88,1305380
2015-12-03,1262.88,1270.93,1246.78,1262.88,1458421
2015-12-04,1254.83,1254.83,1238.74,1246.78,814807
2015-12-07,1230.68,1270.93,1230.68,1254.83,1786136
2015-12-08,1254.83,1262.88,1214.57,1230.68,2175388
2015-12-09,1222.62,1238.74,1214.57,1222.62,1467497
2015-12-10,1206.53,1238.74,1206.53,1214.57,1339943
2015-12-11,1214.57,1230.68,1190.5,1198.48,2750876
2015-12-14,1182.44,1190.5,1166.33,1182.44,1935075
2015-12-15,1182.44,1190.5,1166.33,1166.33,1686182
2015-12-16,1174.4,1206.53,1166.33,1198.48,1559620
2015-12-17,1214.57,1214.57,1190.5,1198.48,2145675
2015-12-18,1190.5,1206.53,1166.33,1174.4,1374630
2015-12-21,1166.33,1174.4,1142.19,1174.4,2430370
2015-12-22,1174.4,1182.44,1142.19,1158.27,1691775
2015-12-24,1158.27,1174.4,1158.27,1166.33,1142519
2015-12-25,1166.33,1166.33,1134.14,1150.24,1604749
2015-12-28,1158.46,1191.32,1150.24,1174.89,1695719
2015-12-29,1174.89,1183.11,1150.24,1183.11,1797471
2015-12-30,1183.11,1199.54,1166.66,1166.66,1757793
2016-01-04,1158.46,1183.11,1133.82,1158.46,1622202
2016-01-05,1158.46,1183.11,1142.03,1166.66,2082405
2016-01-06,1174.89,1183.11,1142.03,1158.46,2282744
2016-01-07,1158.46,1158.46,1125.59,1133.82,1716168
2016-01-08,1117.38,1150.24,1117.38,1125.59,2518868
2016-01-12,1100.95,1109.16,1068.08,1076.3,2623665
2016-01-13,1092.74,1109.16,1084.51,1092.74,2424418
2016-01-14,1076.3,1092.74,1059.86,1084.51,2166018
2016-01-15,1100.95,1109.16,1076.3,1084.51,1343842
2016-01-18,1059.86,1076.3,1043.42,1059.86,2036272
2016-01-19,1068.08,1092.74,1059.86,1059.86,2325467
2016-01-20,1068.08,1068.08,1035.2,1035.2,1523858
2016-01-21,1035.2,1084.51,1018.78,1018.78,2894966
2016-01-22,1043.42,1068.08,1027.01,1068.08,1748299
2016-01-25,1084.51,1084.51,1043.42,1059.86,2136688
2016-01-26,1043.42,1051.65,1027.01,1035.2,1527144
2016-01-27,1059.86,1076.3,1043.42,1068.08,1503168
2016-01-28,1051.65,1068.08,1043.42,1043.42,1584960
2016-01-29,1051.65,1084.51,1027.01,1076.3,2706917
2016-02-01,1092.74,1100.95,1084.51,1092.74,1719818
2016-02-02,1092.74,1100.95,1068.08,1076.3,1412613
2016-02-03,1059.86,1068.08,1035.2,1035.2,2137418
2016-02-04,1035.2,1059.86,1018.78,1051.65,2127315
2016-02-05,1035.2,1051.65,1027.01,1035.2,1765584
2016-02-08,1035.2,1084.51,1027.01,1059.86,2865511
2016-02-09,1043.42,1051.65,1002.34,1010.57,2430018
2016-02-10,1002.34,1010.57,920.18,944.84,4229316
2016-02-12,911.98,936.62,895.53,911.98,3949860
2016-02-15,944.84,953.06,920.18,944.84,2435010
2016-02-16,936.62,977.7,936.62,953.06,2992823
2016-02-17,961.26,977.7,936.62,936.62,1676974
2016-02-18,961.26,977.7,920.18,953.06,2760836
2016-02-19,944.84,953.06,920.18,936.62,1047106
2016-02-22,920.18,936.62,911.98,928.41,1034326
2016-02-23,928.41,936.62,920.18,928.41,2103582
2016-02-24,920.18,936.62,911.98,928.41,1471157
2016-02-25,920.18,928.41,903.75,911.98,2055627
2016-02-26,920.18,944.84,920.18,928.41,1468845
2016-02-29,944.84,944.84,920.18,920.18,1299175
2016-03-01,920.18,928.41,870.89,895.53,2461543
2016-03-02,920.18,936.62,903.75,928.41,1915654
2016-03-03,928.41,977.7,928.41,969.49,1989900
2016-03-04,977.7,1010.57,969.49,994.13,2115144
2016-03-07,1002.34,1027.01,994.13,1010.57,1255845
2016-03-08,1018.78,1027.01,977.7,1002.34,1441093
2016-03-09,985.93,994.13,961.26,977.7,1190972
2016-03-10,985.93,1002.34,977.7,985.93,624148
2016-03-11,977.7,994.13,969.49,994.13,2329483
2016-03-14,1010.57,1018.78,1002.34,1010.57,847491
2016-03-15,1002.34,1010.57,994.13,1002.34,1426487
2016-03-16,994.13,1002.34,977.7,994.13,1071448
2016-03-17,985.93,1002.34,961.26,969.49,1785299
2016-03-18,961.26,977.7,936.62,961.26,2124640
2016-03-22,969.49,977.7,961.26,977.7,805379
2016-03-23,977.7,985.93,953.06,969.49,1027021
2016-03-24,961.26,969.49,944.84,953.06,1090433
2016-03-25,928.41,936.62,920.18,928.41,2275684
2016-03-28,936.62,961.26,928.41,961.26,884372
2016-03-29,961.26,969.49,944.84,961.26,1038100
2016-03-30,961.26,977.7,936.62,936.62,846034
2016-03-31,944.84,977.7,944.84,953.06,1813903
2016-04-01,944.84,953.06,911.98,920.18,2051368
2016-04-04,920.18,953.06,911.98,944.84,1680870
2016-04-05,928.41,928.41,887.32,895.53,2106503
2016-04-06,887.32,911.98,887.32,887.32,1453266
2016-04-07,887.32,895.53,854.45,870.89,2415535
2016-04-08,870.89,887.32,846.26,879.1,2433791
2016-04-11,862.67,895.53,854.45,879.1,1389729
2016-04-12,879.1,911.98,879.1,903.75,1457768
2016-04-13,920.18,944.84,903.75,928.41,1633764
2016-04-14,953.06,961.26,936.62,936.62,2270086
2016-04-15,928.41,936.62,895.53,911.98,3442556
2016-04-18,895.53,928.41,887.32,920.18,1687686
2016-04-19,936.62,953.06,920.18,953.06,1678068
2016-04-20,961.26,969.49,936.62,944.84,1172225
2016-04-21,961.26,961.26,944.84,961.26,1095181
2016-04-22,944.84,969.49,944.84,969.49,1514000
2016-04-25,977.7,985.93,961.26,977.7,1007183
2016-04-26,977.7,977.7,953.06,961.26,789924
2016-04-27,977.7,985.93,961.26,961.26,1201682
2016-04-28,977.7,977.7,936.62,944.84,1921375
2016-05-02,911.98,928.41,895.53,903.75,1286515
2016-05-06,903.75,911.98,887.32,887.32,1236613
2016-05-09,895.53,903.75,870.89,887.32,1279702
2016-05-10,887.32,911.98,870.89,903.75,1227727
2016-05-11,920.18,944.84,911.98,920.18,1451194
2016-05-12,920.18,936.62,895.53,920.18,2344455
2016-05-13,928.41,928.41,903.75,903.75,826560
2016-05-16,911.98,920.18,903.75,911.98,620253
2016-05-17,920.18,920.18,903.75,920.18,689387
2016-05-18,911.98,928.41,895.53,911.98,1343966
2016-05-19,920.18,928.41,903.75,920.18,1302583
2016-05-20,911.98,936.62,903.75,928.41,976146
2016-05-23,920.18,928.41,903.75,920.18,1103579
2016-05-24,911.98,920.18,903.75,911.98,1461540
2016-05-25,920.18,920.18,903.75,911.98,549782
2016-05-26,911.98,920.18,911.98,911.98,818283
2016-05-27,920.18,928.41,911.98,928.41,837636
2016-05-30,928.41,936.62,920.18,920.18,727726
2016-05-31,920.18,961.26,911.98,936.62,1811469
2016-06-01,928.41,944.84,920.18,928.41,1181114
2016-06-02,928.41,936.62,911.98,911.98,1386077
2016-06-03,920.18,944.84,911.98,928.41,1629385
2016-06-06,911.98,928.41,911.98,911.98,1032256
2016-06-07,920.18,928.41,911.98,920.18,542844
2016-06-08,911.98,920.18,895.53,911.98,883278
2016-06-09,903.75,911.98,895.53,895.53,519109
2016-06-10,903.75,903.75,887.32,895.53,1537855
2016-06-13,879.1,887.32,862.67,870.89,1068771
2016-06-14,870.89,879.1,854.45,854.45,1681721
2016-06-16,854.45,862.67,829.81,838.02,1605285
2016-06-17,846.26,887.32,838.02,879.1,3833258
2016-06-20,879.1,895.53,870.89,887.32,1658230
2016-06-21,862.67,879.1,846.26,879.1,1258035
2016-06-22,879.1,879.1,854.45,862.67,1575100
2016-06-23,862.67,920.18,862.67,903.75,1540290
2016-06-24,911.98,911.98,829.81,862.67,2945964
2016-06-27,854.45,862.67,805.18,813.37,2248179
2016-06-28,776.4,777.23,741.09,756.69,6172723
2016-06-29,780.51,781.34,750.93,773.12,5332773
2016-06-30,779.7,805.98,779.7,789.56,4404703
2016-07-01,789.56,794.5,769.84,772.29,2191094
2016-07-04,761.61,781.34,753.41,779.7,1974199
2016-07-05,771.49,779.7,766.54,773.12,1289437
2016-07-06,764.91,775.59,750.13,755.87,1997934
2016-07-07,764.1,769.01,746.82,748.48,1301364
2016-07-08,749.3,757.5,741.91,746.82,1580698
2016-07-11,759.16,785.46,757.5,779.7,1387539
2016-07-12,811.73,842.14,810.92,815.86,2661641
2016-07-13,833.09,840.49,817.48,822.42,2128169
2016-07-14,802.69,821.59,800.24,817.48,2021423
2016-07-15,824.06,851.17,824.06,838.85,1541018
2016-07-19,845.42,856.12,834.74,853.64,2418943
2016-07-20,852,853.64,837.21,847.06,971399
2016-07-21,858.56,872.53,851.17,864.31,1637538
2016-07-22,846.26,865.14,846.26,854.45,990508
2016-07-25,860.21,872.53,857.75,857.75,776777
2016-07-26,852.81,852.81,819.13,825.7,1915898
2016-07-27,840.49,867.61,838.85,860.21,1509618
2016-07-28,861.85,884.03,856.93,878.3,1715922
2016-07-29,865.96,885.67,852.81,868.43,1528239
2016-08-01,850.36,852,829.81,845.42,1520938
2016-08-02,830.64,842.14,828.18,828.18,707522
2016-08-03,815.04,815.86,802.69,807.62,1055990
2016-08-04,807.62,843.78,805.98,839.67,1193038
2016-08-05,840.49,846.26,828.97,835.59,744280
2016-08-08,845.42,876.65,845.42,868.43,1495622
2016-08-09,866.78,881.57,858.56,872.53,977973
2016-08-10,860.21,865.14,822.42,828.18,2325830
2016-08-12,841.32,849.53,838.02,838.02,1367213
2016-08-15,841.32,853.64,839.67,844.59,987586
2016-08-16,862.67,901.3,859.38,861.03,2900444
2016-08-17,853.64,890.62,850.36,888.14,1996960
2016-08-18,871.72,881.57,863.49,870.05,1218843
2016-08-19,877.46,907.85,867.61,898.84,1482233
2016-08-22,901.3,908.68,888.14,904.57,753043
2016-08-23,902.11,905.38,883.22,886.51,994402
2016-08-24,884.03,898.84,880.75,895.53,554650
2016-08-25,896.35,905.38,893.07,898,921739
2016-08-26,905.38,941.55,903.75,938.26,2868066
2016-08-29,957.99,1011.4,957.16,1000.73,3771307
2016-08-30,992.5,1019.61,989.22,1008.1,2442435
2016-08-31,1017.14,1059.04,1016.32,1052.48,2796377
2016-09-01,1050.01,1062.34,1036.05,1038.5,1578873
2016-09-02,1035.2,1052.48,1022.08,1043.42,1602121
2016-09-05,1058.21,1082.04,1036.86,1039.32,2084715
2016-09-06,1031.94,1047.55,1031.94,1044.25,1503776
2016-09-07,1035.2,1058.21,1027.01,1054.11,1617336
2016-09-08,1047.55,1051.65,1036.05,1039.32,1016554
2016-09-09,1059.04,1099.29,1057.41,1091.09,3092628
2016-09-12,1070.54,1084.51,1065.61,1073.81,1506577
2016-09-13,1082.88,1084.51,1053.28,1067.27,1237588
2016-09-14,1053.28,1066.44,1045.91,1049.18,1480770
2016-09-15,1059.04,1063.15,1040.15,1040.96,1536273
2016-09-16,1031.11,1034.4,1007.28,1008.1,2540412
2016-09-20,1008.1,1045.91,999.08,1029.47,1793943
2016-09-21,1024.54,1068.9,1021.26,1067.27,1742333
2016-09-23,1091.9,1091.9,1058.21,1059.86,1660302
2016-09-26,1067.27,1068.08,1033.58,1033.58,1751462
2016-09-27,1019.61,1049.18,1013.03,1049.18,1240753
2016-09-28,1039.32,1045.91,1022.88,1040.96,1132061
2016-09-29,1062.34,1073.02,1050.01,1059.04,1787857
2016-09-30,1040.96,1050.83,1029.47,1040.96,1664922
2016-10-03,1051.65,1067.27,1044.25,1057.41,1425270
2016-10-04,1068.08,1102.59,1060.69,1100.12,2429898
2016-10-05,1100.12,1112.46,1089.44,1109.16,1492335
2016-10-06,1117.38,1128.88,1113.27,1121.48,1582401
2016-10-07,1121.48,1136.28,1119.02,1124.77,1281159
2016-10-11,1123.13,1146.13,1120.66,1122.3,1345912
2016-10-12,1115.74,1130.52,1107.52,1119.02,1473590
2016-10-13,1128.07,1135.45,1108.35,1111.62,1207768
2016-10-14,1105.05,1118.2,1102.59,1114.9,944501
2016-10-17,1113.27,1124.77,1103.41,1119.84,757667
2016-10-18,1123.95,1137.08,1118.2,1134.62,918211
2016-10-19,1136.28,1139.57,1126.41,1128.88,924904
2016-10-20,1125.59,1131.35,1037.68,1063.97,4676859
2016-10-21,1088.62,1122.3,1079.58,1099.29,3831799
2016-10-24,1103.41,1109.16,1089.44,1093.55,1388878
2016-10-25,1102.59,1121.48,1102.59,1119.02,1535423
2016-10-26,1119.02,1131.35,1114.9,1128.07,881697
2016-10-27,1128.07,1143.67,1124.77,1134.62,1142285
2016-10-28,1142.03,1161.73,1134.62,1158.46,1690972
2016-10-31,1147.78,1152.7,1133.82,1141.19,1172225
2016-11-01,1118.2,1133.82,1108.35,1118.2,1704116
2016-11-02,1174.89,1218.42,1169.15,1213.5,5371844
2016-11-04,1207.75,1213.5,1183.93,1192.95,1882063
2016-11-07,1209.38,1231.58,1209.38,1226.64,1831065
2016-11-08,1223.35,1226.64,1208.57,1225.01,1349685
2016-11-09,1233.23,1247.19,1142.85,1161.73,2903607
2016-11-10,1253.76,1267.73,1240.62,1254.58,3066704
2016-11-11,1258.69,1273.46,1245.56,1248.01,1633522
2016-11-14,1245.56,1277.59,1245.56,1266.1,1623664
2016-11-15,1269.36,1280.87,1255.41,1257.88,1224564
2016-11-16,1273.46,1284.97,1262.8,1266.1,1577900
2016-11-17,1251.3,1258.69,1220.89,1236.51,1992579
2016-11-18,1253.76,1271.82,1244.72,1262.8,1451804
2016-11-21,1265.26,1269.36,1254.58,1261.98,817674
2016-11-22,1267.73,1273.46,1259.5,1261.15,1065848
2016-11-24,1271.82,1274.3,1252.94,1255.41,1129748
2016-11-25,1261.15,1278.42,1252.11,1258.69,1393624
2016-11-28,1258.69,1263.62,1247.19,1259.5,1255845
2016-11-29,1263.62,1266.1,1249.65,1259.5,981622
2016-11-30,1260.34,1271.82,1249.65,1268.55,1517286
2016-12-01,1278.42,1311.27,1275.12,1290.74,1639486
2016-12-02,1284.15,1307.18,1267.73,1289.08,2126462
2016-12-05,1286.64,1306.34,1283.34,1303.06,1328749
2016-12-06,1314.54,1343.3,1313.74,1328.52,1853824
2016-12-07,1347.42,1365.5,1346.59,1361.38,2126951
2016-12-08,1394.25,1394.25,1358.11,1390.97,2481626
2016-12-09,1399.99,1423,1398.36,1417.26,2568650
2016-12-12,1421.37,1436.98,1385.21,1402.46,2014609
2016-12-13,1394.25,1413.16,1324.41,1339.21,5384624
2016-12-14,1351.52,1364.68,1332.62,1358.91,3309279
2016-12-15,1368.79,1403.29,1366.31,1387.67,2912005
2016-12-16,1411.52,1437.78,1409.86,1436.16,2986007
2016-12-19,1433.68,1445.18,1418.06,1442.71,2588975
2016-12-20,1443.55,1446.84,1418.06,1436.98,1737831
2016-12-21,1436.98,1442.71,1413.16,1419.72,1571690
2016-12-22,1396.7,1442.71,1394.25,1439.45,2061105
2016-12-26,1440.27,1444.37,1425.49,1428.75,1046254
2016-12-27,1426.29,1444.37,1413.16,1432.04,1458863
2016-12-28,1429.55,1437.9,1413.65,1433.71,1528372
2016-12-29,1429.55,1435.39,1401.1,1404.45,1057910
2016-12-30,1392.77,1406.97,1380.22,1399.44,1060182
2017-01-04,1413.65,1462.14,1411.98,1460.48,1754451
2017-01-05,1451.28,1455.46,1433.71,1451.28,1984599
2017-01-06,1434.55,1454.62,1429.55,1442.09,1263416
2017-01-10,1432.88,1454.62,1423.68,1442.09,1323345
2017-01-11,1452.95,1483.04,1441.24,1478.03,2060318
2017-01-12,1475.5,1482.21,1458.82,1467.99,1301336
2017-01-13,1470.5,1474.69,1456.28,1474.69,1149899
2017-01-16,1465.49,1482.21,1462.97,1473.85,1208392
2017-01-17,1467.99,1467.99,1440.41,1440.41,1258869
2017-01-18,1418.68,1442.91,1407.81,1442.09,1236382
2017-01-19,1462.97,1473.85,1447.93,1449.59,1398227
2017-01-20,1446.25,1466.3,1436.24,1463.81,1162099
2017-01-23,1458.82,1460.48,1442.91,1450.44,730873
2017-01-24,1450.44,1468.83,1444.59,1457.96,1171191
2017-01-25,1481.38,1519,1481.38,1517.32,2558770
2017-01-26,1538.22,1587.55,1537.38,1582.52,3204833
2017-01-27,1585.87,1585.87,1554.94,1567.47,1667728
2017-01-30,1562.46,1563.3,1539.91,1559.95,1104202
2017-01-31,1539.05,1564.12,1534.86,1552.43,1412941
2017-02-01,1522.33,1560.77,1512.3,1559.95,1313656
2017-02-02,1568.31,1575,1531.52,1535.72,944991
2017-02-03,1545.74,1564.96,1530.69,1536.55,1432079
2017-02-06,1550.75,1550.75,1518.15,1539.05,1143438
2017-02-07,1525.69,1563.3,1519,1554.1,1176690
2017-02-08,1551.59,1589.21,1551.59,1586.7,1588420
2017-02-09,1587.55,1600.08,1573.33,1576.66,1131714
2017-02-10,1604.27,1636.03,1593.39,1631,2163789
2017-02-13,1645.21,1654.41,1637.7,1653.6,1905173
2017-02-14,1641.87,1661.1,1624.33,1629.34,2170369
2017-02-15,1660.26,1704.6,1654.41,1678.66,2531377
2017-02-16,1679.5,1692.86,1666.94,1672,1179444
2017-02-17,1661.94,1674.47,1644.39,1651.08,1140568
2017-02-20,1639.38,1658.59,1621.82,1656.92,847142
2017-02-21,1669.46,1676.98,1656.09,1668.63,791518
2017-02-22,1697.05,1712.11,1687.87,1700.4,1676459
2017-02-23,1696.21,1703.74,1677.82,1691.19,1138772
2017-02-24,1676.16,1688.69,1657.77,1672,1094990
2017-02-27,1653.6,1659.44,1629.34,1641.04,1481721
2017-02-28,1659.44,1671.14,1652.75,1654.41,938173
2017-03-01,1661.1,1696.21,1644.39,1692.05,1438179
2017-03-02,1650.24,1655.26,1534.03,1571.66,9266405
2017-03-03,1548.24,1576.66,1538.22,1542.4,3337012
2017-03-06,1534.86,1586.7,1523.18,1585.87,2627076
2017-03-07,1542.4,1575,1539.91,1563.3,2020007
2017-03-08,1579.18,1597.58,1561.63,1568.31,1693325
2017-03-09,1579.18,1590.89,1563.3,1580.85,1388896
2017-03-10,1590.89,1593.39,1570.83,1582.52,1163893
2017-03-13,1575,1584.19,1566.64,1581.7,1030517
2017-03-14,1580,1600.91,1571.66,1596.72,1356718
2017-03-15,1584.19,1592.54,1565.8,1580,1571674
2017-03-16,1569.16,1600.08,1568.31,1596.72,1220114
2017-03-17,1590.05,1604.27,1581.7,1595.05,1195113
2017-03-21,1604.27,1625.99,1597.58,1619.3,1032908
2017-03-22,1598.41,1606.77,1572.5,1572.5,1509353
2017-03-23,1567.47,1586.7,1563.3,1576.66,909104
2017-03-24,1580.85,1618.46,1580.85,1605.1,1696318
2017-03-27,1603.43,1635.18,1597.58,1598.41,1775624
2017-03-28,1615.96,1661.1,1615.96,1625.99,3136651
2017-03-29,1669.46,1680.34,1646.06,1651.91,1561388
2017-03-30,1649.41,1683.68,1649.41,1661.1,1591529
2017-03-31,1676.16,1683.68,1659.44,1659.44,1969406
2017-04-03,1670.31,1676.16,1649.41,1651.91,1992016
2017-04-04,1635.18,1647.72,1600.08,1617.65,1769045
2017-04-05,1616.81,1632.67,1600.08,1604.27,1435069
2017-04-06,1610.12,1620.15,1574.18,1580.85,1352174
2017-04-07,1588.37,1601.76,1561.63,1582.52,1526339
2017-04-10,1587.55,1590.05,1561.63,1585.03,1336263
2017-04-11,1574.18,1574.18,1539.05,1545.74,1452774
2017-04-12,1527.35,1532.37,1508.97,1516.48,1384114
2017-04-13,1449.59,1461.31,1429.55,1442.09,5025075
2017-04-14,1421.18,1488.05,1415.32,1462.14,2242139
2017-04-17,1445.42,1448.78,1426.21,1433.71,2885329
2017-04-18,1459.63,1513.14,1458.82,1471.33,5346013
2017-04-19,1447.09,1496.41,1447.09,1474.69,3493233
2017-04-20,1465.49,1467.16,1429.55,1431.22,3920034
2017-04-21,1454.62,1470.5,1452.95,1460.48,2784732
2017-04-24,1473.02,1481.38,1448.78,1457.96,2104936
2017-04-25,1463.81,1606.77,1461.31,1592.54,10396447
2017-04-26,1655.26,1734.68,1627.67,1729.66,9992971
2017-04-27,1730.49,1809.89,1726.32,1805.73,6091002
2017-04-28,1785.67,1814.94,1774.8,1778.98,3792880
2017-05-01,1782.33,1851.72,1778.98,1840.01,2830427
2017-05-02,1829.97,1835.01,1798.22,1824.95,2591545
2017-05-08,1851.72,1869.28,1839.16,1863.41,2124555
2017-05-09,1855.8,1877.81,1845.62,1849.86,1727654
2017-05-10,1850.7,1862.57,1823.58,1859.16,1566806
2017-05-11,1974.42,1987.99,1887.99,1955.78,5059875
2017-05-12,1939.68,1945.62,1871.89,1874.42,3989888
2017-05-15,1848.16,1855.8,1823.58,1837.14,2457775
2017-05-16,1857.49,1890.54,1857.49,1879.5,2292563
2017-05-17,1862.57,1889.68,1855.8,1867.64,2180100
2017-05-18,1815.1,1837.14,1796.47,1798.17,2790796
2017-05-19,1804.95,1835.45,1797.32,1831.22,2347908
2017-05-22,1837.14,1849.86,1815.96,1830.36,1547454
2017-05-23,1829.52,1840.53,1807.49,1813.43,1866196
2017-05-24,1839.69,1843.93,1817.66,1825.29,1455524
2017-05-25,1806.65,1821.05,1786.29,1786.29,1930864
2017-05-26,1784.61,1787.15,1749.87,1754.94,2264005
2017-05-29,1747.33,1751.56,1714.27,1737.16,2807317
2017-05-30,1739.69,1741.38,1704.09,1733.78,1926025
2017-05-31,1776.14,1841.37,1774.44,1824.44,5076513
2017-06-01,1826.98,1894.77,1826.98,1894.77,4060692
2017-06-02,1917.64,1975.27,1917.64,1974.42,3979736
2017-06-05,1980.35,2019.34,1976.12,2001.54,2679160
2017-06-06,2029.51,2047.31,1999.85,2002.41,2479725
2017-06-07,1987.99,2037.13,1980.35,2032.05,1687531
2017-06-08,2037.98,2048.15,2015.95,2032.05,1581203
2017-06-09,2076.13,2113.4,2064.24,2110.01,3570011
2017-06-12,2110.01,2121.87,2038.83,2072.72,2700283
2017-06-13,2072.72,2094.75,2043.91,2080.35,1835868
2017-06-14,2126.96,2159.15,2076.95,2087.97,3032480
2017-06-15,2095.6,2134.58,2060.86,2070.18,2800119
2017-06-16,2068.47,2108.31,2044.76,2069.34,2852987
2017-06-19,2071.88,2084.6,2050.68,2082.04,1316980
2017-06-20,2101.53,2116.79,2080.35,2112.55,1731665
2017-06-21,2101.53,2111.7,2085.43,2097.28,1420594
2017-06-22,2098.99,2121.03,2084.6,2117.63,2115313
2017-06-23,2139.68,2172.72,2107.47,2113.4,1611179
2017-06-26,2116.79,2158.31,2115.09,2152.37,1867259
2017-06-27,2181.19,2227.8,2178.64,2221.02,2671607
2017-06-28,2201.52,2222.73,2197.28,2209.16,2271910
2017-06-29,2231.19,2234.58,2200.68,2218.47,2643756
2017-06-30,2208.3,2218.47,2186.27,2208.3,1715735
2017-07-03,2205.76,2287.11,2204.91,2285.42,2543923
2017-07-04,2310.01,2317.61,2213.39,2219.33,2540265
2017-07-05,2225.25,2260.83,2213.39,2259.15,1522788
2017-07-06,2249.83,2265.93,2226.94,2246.45,1402419
2017-07-07,2228.64,2265.07,2224.4,2243.05,991512
2017-07-10,2276.1,2294.74,2262.54,2277.78,1356985
2017-07-11,2287.95,2324.38,2287.95,2321.01,1562794
2017-07-12,2330.34,2354.06,2307.46,2321.01,1418469
2017-07-13,2351.52,2367.62,2342.18,2360.84,1614126
2017-07-14,2383.71,2465.07,2383.71,2463.38,3755992
2017-07-18,2487.94,2499.81,2434.56,2451.51,2549703
2017-07-19,2536.24,2601.5,2528.63,2571.84,3383556
2017-07-20,2593.02,2690.47,2593.02,2681.99,3021739
2017-07-21,2681.99,2698.95,2588.78,2605.73,2557022
2017-07-24,2622.69,2660.82,2584.55,2660.82,1439829
2017-07-25,2584.55,2618.45,2480.32,2511.68,5978221
2017-07-26,2444.73,2482.85,2433.71,2437.95,3989060
2017-07-27,2416.76,2419.31,2383.71,2398.13,2961202
2017-07-28,2383.71,2409.99,2350.66,2381.18,2267662
2017-07-31,2381.18,2454.04,2381.18,2445.57,2377883
2017-08-01,2415.06,2438.79,2382.87,2407.45,2154021
2017-08-02,2423.54,2511.68,2423.54,2508.29,2097494
2017-08-03,2498.12,2505.73,2445.57,2460.82,1683163
2017-08-04,2415.06,2432.86,2366.77,2414.23,1906673
2017-08-07,2434.56,2475.25,2416.76,2469.3,1269306
2017-08-08,2499.81,2520.14,2423.54,2440.5,1814508
2017-08-09,2424.39,2454.04,2336.27,2355.75,2835522
2017-08-10,2372.7,2442.17,2372.7,2409.99,2489756
2017-08-14,2343.04,2397.27,2317.61,2317.61,2953294
2017-08-15,2359.15,2446.43,2351.52,2437.1,2446092
2017-08-16,2439.64,2439.64,2371,2409.14,1629470
2017-08-17,2406.59,2429.48,2386.25,2424.39,896161
2017-08-18,2373.54,2401.51,2348.98,2354.91,1170177
2017-08-21,2378.63,2378.63,2351.52,2365.08,855566
2017-08-22,2359.15,2388.79,2345.58,2382,1262343
2017-08-23,2457.44,2501.51,2447.27,2490.48,2244650
2017-08-24,2464.21,2511.68,2459.99,2460.82,1455052
2017-08-25,2480.32,2487.94,2448.97,2480.32,1161563
2017-08-28,2489.65,2524.37,2485.4,2523.54,1280871
2017-08-29,2499.81,2515.07,2476.08,2511.68,1062082
2017-08-30,2525.24,2576.07,2510.83,2571.84,2458482
2017-08-31,2597.25,2614.21,2466.77,2475.25,2650011
2017-09-01,2499.81,2580.31,2487.94,2576.07,2236980
2017-09-04,2563.37,2580.31,2537.1,2576.07,1250541
2017-09-05,2584.55,2588.78,2498.12,2504.91,1427791
2017-09-06,2470.14,2525.24,2458.29,2521.85,1312968
2017-09-07,2542.18,2580.31,2520.14,2580.31,1395457
2017-09-08,2593.02,2597.25,2550.65,2567.6,1324063
2017-09-11,2597.25,2609.97,2580.31,2605.73,844826
2017-09-12,2626.91,2635.38,2588.78,2618.45,1100315
2017-09-13,2639.63,2677.75,2626.91,2635.38,1549813
2017-09-14,2618.45,2643.86,2567.6,2588.78,1312024
2017-09-15,2601.5,2809.11,2601.5,2779.45,3901143
2017-09-19,2872.66,2923.51,2804.87,2851.47,2297519
2017-09-20,2898.09,2898.09,2800.64,2813.34,1458122
2017-09-21,2864.18,2868.43,2770.97,2787.91,1611886
2017-09-22,2779.45,2779.45,2665.05,2686.23,1869617
2017-09-25,2720.14,2732.83,2669.29,2698.95,1448209
2017-09-26,2694.71,2728.6,2686.23,2720.14,1297509
2017-09-27,2745.56,2834.52,2737.08,2830.3,1675375
2017-09-28,2889.61,3118.4,2889.61,3042.14,5086779
2017-09-29,2982.83,3029.43,2893.84,2970.11,3638102
2017-10-02,3029.43,3092.99,3020.97,3063.32,2027277
2017-10-03,3088.75,3109.93,3008.23,3037.91,1770726
2017-10-04,3025.2,3037.91,2970.11,3020.97,1316746
2017-10-05,3008.23,3008.23,2919.27,2936.21,1629940
2017-10-06,2970.11,3029.43,2948.93,3025.2,1468504
2017-10-10,3118.4,3126.87,3076.03,3109.93,1919064
2017-10-11,3109.93,3148.06,3063.32,3143.83,2036482
2017-10-12,3173.47,3177.72,3042.14,3042.14,2210427
2017-10-13,3025.2,3097.22,3016.72,3071.8,1238034
2017-10-16,3092.99,3092.99,3008.23,3046.37,1217854
2017-10-17,3037.91,3046.37,2974.36,2991.28,1759042
2017-10-18,3012.49,3016.72,2927.75,2944.67,2082980
2017-10-19,2931.99,2982.83,2898.09,2944.67,2047222
2017-10-20,2948.93,3008.23,2931.99,2991.28,1778161
2017-10-23,3050.61,3088.75,3029.43,3054.84,1592060
2017-10-24,3037.91,3114.17,3012.49,3105.69,1664989
2017-10-25,3135.36,3249.76,3122.63,3169.25,2781592
2017-10-26,3139.6,3211.61,3118.4,3190.43,986320
2017-10-27,3220.08,3228.56,3198.92,3211.61,1164395
2017-10-30,3194.68,3211.61,3122.63,3207.39,1604924
2017-10-31,3177.72,3220.08,3169.25,3198.92,1097130
2017-11-01,3220.08,3304.83,3220.08,3287.89,1836457
2017-11-02,3321.79,3334.49,3262.46,3326.01,1552646
2017-11-06,3423.47,3440.4,3326.01,3330.25,1677734
2017-11-07,3270.93,3355.67,3253.98,3338.73,1475115
2017-11-08,3321.79,3347.2,3283.65,3317.54,2065633
2017-11-09,3355.67,3423.47,3270.93,3342.96,2248782
2017-11-10,3296.36,3330.25,3245.51,3326.01,1637848
2017-11-13,3317.54,3321.79,3253.98,3266.69,951506
2017-11-14,3266.69,3287.89,3190.43,3283.65,2143401
2017-11-15,3402.28,3533.64,3342.96,3372.62,5433845
2017-11-16,3334.49,3478.54,3287.89,3470.08,2320413
2017-11-17,3529.38,3580.23,3465.83,3516.69,2503088
2017-11-20,3503.97,3580.23,3431.94,3478.54,1512640
2017-11-21,3537.85,3559.05,3503.97,3533.64,1518776
2017-11-22,3575.98,3614.13,3542.11,3592.94,1803179
2017-11-24,3614.13,3631.06,3580.23,3626.83,1109758
2017-11-27,3639.55,3648.03,3588.72,3648.03,1678798
2017-11-28,3652.27,3673.46,3559.05,3571.75,1548279
2017-11-29,3605.67,3605.67,3503.97,3529.38,1624984
2017-11-30,3542.11,3575.98,3495.5,3529.38,1829849
2017-12-01,3537.85,3567.52,3474.31,3503.97,1573888
2017-12-04,3516.69,3567.52,3503.97,3529.38,1549696
2017-12-05,3520.91,3567.52,3499.74,3563.29,1360055
2017-12-06,3533.64,3546.33,3334.49,3393.8,2228484
2017-12-07,3402.28,3491.26,3393.8,3482.77,1091938
2017-12-08,3503.97,3554.81,3503.97,3546.33,1316746
2017-12-11,3559.05,3571.75,3512.44,3559.05,985140
2017-12-12,3559.05,3601.42,3389.57,3465.83,2762474
2017-12-13,3491.26,3512.44,3313.31,3334.49,2571418
2017-12-14,3347.2,3423.47,3313.31,3398.05,1601266
2017-12-15,3635.31,3813.25,3614.13,3787.84,5765806
2017-12-18,3792.09,3889.53,3703.1,3800.57,3383556
2017-12-19,3800.57,3868.35,3766.65,3821.74,1906909
2017-12-20,3834.46,3974.28,3825.99,3940.37,1838462
2017-12-21,3957.31,4059.01,3957.31,4054.78,2017955
2017-12-22,4050.53,4135.28,4042.07,4101.39,1869854
2017-12-25,4101.39,4215.77,4075.95,4211.54,1526920
2017-12-26,4211.54,4215.77,4088.67,4126.81,1392272
2017-12-27,4101.22,4160.91,4067.12,4114.01,1262541
2017-12-28,4101.22,4156.64,4092.69,4114.01,855105
2017-12-29,4135.33,4173.71,4084.17,4105.48,946820
2018-01-04,4212.07,4408.17,4203.55,4374.07,2894757
2018-01-05,4433.76,4536.07,4348.49,4408.17,2930528
2018-01-09,4527.54,4578.7,4459.32,4484.91,2045635
2018-01-10,4484.91,4484.91,4322.91,4365.55,1947704
2018-01-11,4288.81,4433.76,4280.28,4425.23,1739762
2018-01-12,4476.39,4536.07,4450.81,4527.54,2203847
2018-01-15,4612.81,4672.5,4476.39,4493.45,1641831
2018-01-16,4467.86,4544.6,4391.12,4510.5,950337
2018-01-17,4425.23,4450.81,4382.59,4391.12,1404453
2018-01-18,4519.03,4536.07,4297.32,4305.85,3215405
2018-01-19,4314.38,4365.55,4203.55,4339.96,2292513
2018-01-22,4339.96,4357.02,4288.81,4331.44,1147606
2018-01-23,4374.07,4570.18,4357.02,4553.12,2513475
2018-01-24,4595.76,4604.27,4467.86,4501.98,1603950
2018-01-25,4425.23,4459.32,4357.02,4416.71,1427441
2018-01-26,4476.39,4544.6,4442.28,4501.98,1224072
2018-01-29,4519.03,4561.64,4484.91,4527.54,993966
2018-01-30,4519.03,4536.07,4314.38,4374.07,1623887
2018-01-31,4331.44,4433.76,4305.85,4305.85,1352614
2018-02-01,4331.44,4433.76,4280.28,4425.23,1409847
2018-02-02,4408.17,4450.81,4331.44,4416.71,1159333
2018-02-05,4237.63,4263.22,4152.39,4173.71,1987228
2018-02-06,3875.27,4007.44,3768.68,3956.27,3129908
2018-02-07,4135.33,4169.44,3947.74,3956.27,2288527
2018-02-08,3934.96,4050.07,3917.9,4020.23,1568414
2018-02-09,3807.05,3858.22,3709,3849.68,2598151
2018-02-13,3909.38,3926.43,3768.68,3807.05,2664768
2018-02-14,3913.64,4033,3900.85,4015.96,3554703
2018-02-15,4374.07,4374.07,4118.28,4195.01,4637921
2018-02-16,4233.4,4382.59,4199.26,4357.02,2818173
2018-02-19,4399.64,4433.76,4305.85,4425.23,1818693
2018-02-20,4399.64,4416.71,4331.44,4331.44,1532408
2018-02-21,4357.02,4519.03,4331.44,4442.28,2443455
2018-02-22,4519.03,4536.07,4408.17,4450.81,2242904
2018-02-23,4476.39,4493.45,4391.12,4476.39,1269695
2018-02-26,4544.6,4553.12,4416.71,4476.39,1529945
2018-02-27,4510.5,4604.27,4501.98,4595.76,1833823
2018-02-28,4536.07,4612.81,4519.03,4536.07,1372788
2018-03-01,4450.81,4467.86,4288.81,4348.49,1774712
2018-03-02,4195.01,4322.91,4182.22,4305.85,1735892
2018-03-05,4250.44,4271.76,3994.64,4003.17,2640723
2018-03-06,4122.53,4199.26,4024.47,4122.53,3108094
2018-03-07,3943.5,3960.54,3866.75,3875.27,5720904
2018-03-08,3939.22,3998.9,3888.06,3905.12,2420704
2018-03-09,3956.27,4015.96,3888.06,3926.43,2220619
2018-03-12,4050.07,4105.48,3977.59,4041.54,2278675
2018-03-13,4011.7,4050.07,3909.38,3943.5,2840690
2018-03-14,3883.8,3969.07,3858.22,3909.38,1866663
2018-03-15,3905.12,3947.74,3892.33,3939.22,2235161
2018-03-16,3964.81,4003.17,3905.12,3934.96,1424158
2018-03-19,3917.9,3986.12,3892.33,3926.43,1682999
2018-03-20,3866.75,3896.59,3807.05,3875.27,1927530
2018-03-22,3875.27,3926.43,3836.91,3875.27,2329926
2018-03-23,3747.38,3777.21,3555.53,3568.32,3826799
2018-03-26,3508.63,3615.21,3444.69,3606.68,2988349
2018-03-27,3726.07,3811.32,3704.74,3807.05,2946245
2018-03-28,3747.38,3785.75,3691.95,3772.95,1944185
2018-03-29,3794.28,3824.11,3645.06,3721.8,1692146
2018-03-30,3781.48,3862.49,3772.95,3836.91,1489600
2018-04-02,3862.49,3939.22,3849.68,3875.27,1238500
2018-04-03,3802.8,3883.8,3777.21,3862.49,1233105
2018-04-04,3628.01,3628.01,3265.62,3321.06,10732135
2018-04-05,3261.38,3402.06,3261.38,3269.89,5573129
2018-04-06,3240.05,3346.62,3201.67,3210.21,4146158
2018-04-09,3214.47,3227.26,3095.11,3171.83,3336325
2018-04-10,3171.83,3261.38,3116.43,3235.8,2484505
2018-04-11,3261.38,3338.11,3252.85,3299.75,3239450
2018-04-12,3274.15,3282.68,3124.94,3154.8,3502278
2018-04-13,3180.36,3227.26,3129.21,3171.83,2906721
2018-04-16,3227.26,3257.11,3137.75,3171.83,2634156
2018-04-17,3188.9,3244.31,3163.3,3235.8,2211589
2018-04-18,3244.31,3333.84,3214.47,3316.78,2583960
2018-04-19,3389.25,3397.79,3286.95,3321.06,3163215
2018-04-20,3282.68,3291.21,3201.67,3248.57,2258383
2018-04-23,3278.42,3325.3,3240.05,3316.78,1618259
2018-04-24,3376.47,3444.69,3312.54,3380.74,3766164
2018-04-25,3291.21,3299.75,3056.72,3073.78,7197486
2018-04-26,3112.15,3137.75,3060.99,3082.31,2818759
2018-04-27,3090.84,3146.27,3082.31,3116.43,2621255
2018-05-01,3240.05,3240.05,3056.72,3103.62,3470144
2018-05-02,3137.75,3210.21,3124.94,3180.36,2837874
2018-05-07,3231.52,3235.8,3137.75,3188.9,1811304
2018-05-08,3188.9,3269.89,3176.11,3214.47,2400999
2018-05-09,3410.59,3508.63,3406.32,3448.94,7152917
2018-05-10,3538.47,3649.32,3500.1,3628.01,6625853
2018-05-11,3636.54,3653.58,3521.43,3632.26,2927362
2018-05-14,3691.95,3700.48,3615.21,3640.8,2001772
2018-05-15,3657.85,3679.17,3564.06,3585.37,1887187
2018-05-16,3546.99,3555.53,3470.26,3534.22,1928937
2018-05-17,3559.79,3657.85,3512.91,3610.95,1653092
2018-05-18,3645.06,3755.89,3628.01,3734.58,2625478
2018-05-21,3764.43,3853.96,3764.43,3845.44,2808202
2018-05-22,3849.68,3866.75,3798.54,3832.64,1595857
2018-05-23,3845.44,3849.68,3743.12,3781.48,1920025
2018-05-24,3794.28,3794.28,3610.95,3662.11,2586424
2018-05-25,3623.74,3734.58,3610.95,3734.58,1820804
2018-05-28,3772.95,3811.32,3704.74,3768.68,1677603
2018-05-29,3836.91,3853.96,3738.85,3832.64,2643421
2018-05-30,3794.28,3892.33,3755.89,3879.53,3920858
2018-05-31,3913.64,4037.28,3896.59,4011.7,4326421
2018-06-01,4011.7,4079.9,3939.22,4062.85,3306299
2018-06-04,4143.85,4241.91,4139.59,4152.39,3947715
2018-06-05,4165.17,4173.71,4011.7,4079.9,2697956
2018-06-06,4075.63,4114.01,3939.22,4003.17,3335504
2018-06-07,4092.69,4190.75,4084.17,4169.44,2805741
2018-06-08,4126.81,4220.59,4096.95,4207.8,3012979
2018-06-11,4263.22,4322.91,4250.44,4314.38,2413901
2018-06-12,4331.44,4348.49,4216.32,4280.28,1943247
2018-06-13,4297.32,4348.49,4280.28,4331.44,1887422
2018-06-14,4314.38,4382.59,4263.22,4271.76,1643357
2018-06-15,4314.38,4314.38,4148.11,4229.11,2768445
2018-06-18,4177.96,4207.8,3977.59,4058.6,3381948
2018-06-19,4007.44,4109.76,3930.69,3934.96,3535117
2018-06-20,3875.27,3909.38,3721.8,3836.91,4733272
2018-06-21,3900.85,4054.31,3896.59,4028.76,4093262
2018-06-22,4067.12,4220.59,4028.76,4143.85,4137478
2018-06-25,4160.91,4199.26,4011.7,4033,2626650
2018-06-26,3934.96,4114.01,3875.27,4101.22,2851480
2018-06-27,4182.56,4199.69,3985.63,4024.17,3122265
2018-06-28,4024.17,4225.37,4015.6,4216.81,3131727
2018-06-29,4212.52,4216.81,4131.19,4212.52,2528016
2018-07-02,4208.26,4289.59,4131.19,4144.04,2845463
2018-07-03,4144.04,4251.05,4079.81,4165.44,2379921
2018-07-04,4122.63,4144.04,3981.36,4079.81,2699237
2018-07-05,4054.14,4156.88,4032.73,4075.54,2157076
2018-07-06,4114.05,4203.96,4096.94,4178.28,2208232
2018-07-09,4191.12,4340.95,4165.44,4315.28,2419399
2018-07-10,4366.65,4435.15,4289.59,4306.71,2174129
2018-07-11,4225.37,4315.28,4161.16,4276.76,2136053
2018-07-12,4340.95,4435.15,4306.71,4418.01,2439252
2018-07-13,4452.26,4537.9,4409.45,4512.2,2569011
2018-07-17,4529.32,4649.19,4486.5,4563.56,2918812
2018-07-18,4623.51,4657.76,4512.2,4546.45,1799568
2018-07-19,4546.45,4640.63,4495.07,4614.94,1992165
2018-07-20,4666.33,4700.57,4520.76,4546.45,3157539
2018-07-23,4503.64,4580.69,4400.9,4452.26,2258103
2018-07-24,4452.26,4469.4,4289.59,4332.41,3050671
2018-07-25,4332.41,4537.9,4289.59,4512.2,2595522
2018-07-26,4537.9,4623.51,4512.2,4572.14,1726924
2018-07-27,4572.14,4589.27,4520.76,4580.69,1143885
2018-07-30,4572.14,4614.94,4555.02,4589.27,1652408
2018-07-31,4555.02,4572.14,4452.26,4555.02,1892421
2018-08-01,4597.81,4692,4580.69,4683.44,2041683
2018-08-02,4649.19,4760.5,4589.27,4632.07,2919744
2018-08-03,4632.07,4700.57,4606.39,4640.63,1599617
2018-08-06,4649.19,4649.19,4529.32,4546.45,1608376
2018-08-07,4563.56,4580.69,4495.07,4555.02,1364743
2018-08-08,4555.02,4614.94,4315.28,4426.59,3451626
2018-08-09,4546.45,4854.68,4349.52,4846.12,7406287
2018-08-10,4871.82,4957.43,4700.57,4777.64,4094346
2018-08-13,4623.51,4692,4469.4,4546.45,4289744
2018-08-14,4700.57,4709.13,4486.5,4546.45,3526491
2018-08-15,4563.56,4572.14,4246.77,4340.95,4633236
2018-08-16,4135.46,4233.93,4032.73,4165.44,5410854
2018-08-17,4195.4,4268.18,4139.76,4152.6,2516804
2018-08-20,4165.44,4182.56,4118.35,4148.31,1976980
2018-08-21,4131.19,4242.5,4096.94,4225.37,2840441
2018-08-22,4225.37,4400.9,4225.37,4358.09,2772116
2018-08-23,4366.65,4435.15,4315.28,4400.9,1966118
2018-08-24,4400.9,4435.15,4306.71,4392.34,1872683
2018-08-27,4469.4,4563.56,4435.15,4563.56,2730888
2018-08-28,4692,4700.57,4512.2,4563.56,2584310
2018-08-29,4580.69,4640.63,4572.14,4606.39,1596697
2018-08-30,4632.07,4683.44,4520.76,4580.69,3281924
2018-08-31,4503.64,4555.02,4460.84,4529.32,13388265
2018-09-03,4537.9,4546.45,4383.77,4426.59,2167354
2018-09-04,4460.84,4529.32,4426.59,4486.5,1984105
2018-09-05,4503.64,4503.64,4426.59,4452.26,1734396
2018-09-06,4409.45,4469.4,4392.34,4418.01,1922670
2018-09-07,4392.34,4400.9,4298.15,4366.65,1971141
2018-09-10,4340.95,4392.34,4233.93,4255.35,1963314
2018-09-11,4281.01,4375.2,4238.22,4306.71,1738369
2018-09-12,4323.84,4349.52,4174,4221.1,1808327
2018-09-13,4195.4,4281.01,4195.4,4246.77,1702046
2018-09-14,4306.71,4426.59,4289.59,4418.01,2166654
2018-09-18,4418.01,4580.69,4383.77,4546.45,2338693
2018-09-19,4657.76,4692,4589.27,4623.51,2362751
2018-09-20,4683.44,4820.43,4657.76,4803.31,4204249
2018-09-21,4880.37,5085.86,4863.24,5068.74,4710788
2018-09-25,4948.87,4991.67,4811.88,4974.55,3801427
2018-09-26,5051.61,5274.22,4991.67,5205.73,4782734
2018-09-27,5222.87,5291.36,5154.35,5180.05,2613977
2018-09-28,5308.47,5454.03,5248.54,5368.41,3873604
2018-10-01,5428.35,5505.39,5351.28,5496.84,2946490
2018-10-02,5522.53,5539.65,5231.4,5274.22,4140597
2018-10-03,5137.23,5214.29,5000.24,5000.24,5265211
2018-10-04,5162.91,5180.05,4983.12,5043.04,2715704
2018-10-05,4914.61,5034.49,4906.06,4965.99,2446142
2018-10-09,4880.37,4897.49,4777.64,4888.94,2196787
2018-10-10,4974.55,5034.49,4846.12,4906.06,2810192
2018-10-11,4623.51,4726.25,4580.69,4649.19,3814156
2018-10-12,4666.33,4854.68,4632.07,4829,3211963
2018-10-15,4837.55,4863.24,4700.57,4760.5,2676928
2018-10-16,4794.75,4854.68,4692,4837.55,1958291
2018-10-17,4983.12,4983.12,4786.18,4820.43,2159646
2018-10-18,4846.12,4846.12,4709.13,4726.25,1869295
2018-10-19,4623.51,4734.82,4589.27,4726.25,1738953
2018-10-22,4657.76,4820.43,4589.27,4811.88,2096343
2018-10-23,4751.94,4786.18,4597.81,4606.39,1778429
2018-10-24,4632.07,4649.19,4306.71,4315.28,4356898
2018-10-25,4028.43,4191.12,4024.17,4109.8,4122261
2018-10-26,4216.81,4246.77,3780.14,3865.78,5062338
2018-10-29,3985.63,4045.56,3874.33,3887.18,3435276
2018-10-30,3852.92,4109.8,3852.92,4071.26,3436910
2018-10-31,4156.88,4229.65,4092.67,4221.1,3248404
2018-11-01,4242.5,4400.9,4208.26,4298.15,2348737
2018-11-02,4383.77,4606.39,4366.65,4563.56,3043429
2018-11-05,4400.9,4486.5,4383.77,4409.45,2354343
2018-11-06,4435.15,4469.4,4306.71,4323.84,2361934
2018-11-07,4409.45,4546.45,4315.28,4409.45,3714297
2018-11-08,4563.56,4572.14,4332.41,4426.59,3282625
2018-11-09,4212.52,4332.41,3955.68,4195.4,7498671
2018-11-12,4178.28,4272.46,4109.8,4165.44,2102417
2018-11-13,4032.73,4041.3,3835.8,4028.43,4902098
2018-11-14,4058.41,4148.31,3968.51,4041.3,2855974
2018-11-15,3981.36,4148.31,3929.97,3977.08,3618525
2018-11-16,3977.08,4032.73,3600.33,3634.58,6707856
2018-11-19,3668.83,3857.21,3638.87,3848.64,4349892
2018-11-20,3728.77,3788.71,3673.13,3724.49,3146793
2018-11-21,3677.4,3801.55,3613.18,3750.18,3078119
2018-11-22,3750.18,3758.75,3557.53,3685.96,3165596
2018-11-26,3724.49,3797.27,3673.13,3780.14,2548922
2018-11-27,3835.8,3840.07,3685.96,3733.05,2787651
2018-11-28,3737.33,3810.12,3720.22,3805.83,2220496
2018-11-29,3912.86,3925.71,3814.39,3835.8,2570646
2018-11-30,3844.36,3925.71,3810.12,3895.72,2726216
2018-12-03,4024.17,4084.09,4002.76,4028.43,3097389
2018-12-04,3972.79,3977.08,3660.29,3673.13,7291010
2018-12-05,3553.26,3634.58,3519,3574.66,4638141
2018-12-06,3561.81,3643.16,3403.41,3463.34,4622024
2018-12-07,3506.17,3510.45,3364.89,3403.41,3626933
2018-12-10,3227.89,3249.29,3180.8,3202.21,5730869
2018-12-11,3210.76,3326.35,3035.24,3086.62,11389677
2018-12-12,3180.8,3377.73,3146.56,3343.49,9711109
2018-12-13,3270.71,3292.11,3052.37,3193.65,10941770
2018-12-14,3193.65,3283.55,3116.59,3245.01,6894843
2018-12-17,3287.83,3364.89,3219.33,3240.74,5664530
2018-12-18,3159.4,3300.67,3142.27,3287.83,5212420
2018-12-19,3253.59,3270.71,3129.42,3180.8,5032088
2018-12-20,3090.9,3112.3,2911.09,2958.2,8172342
2018-12-21,2928.22,3022.4,2842.61,2923.94,6061164
2018-12-25,2774.12,2851.17,2735.58,2739.86,5573197
2018-12-26,2828.23,2890.1,2700.09,2766.37,4871215
2018-12-27,2982.91,2987.34,2810.56,2876.85,5912146
2018-12-28,2872.43,2956.39,2832.67,2890.1,3540521
2019-01-04,2810.56,2890.1,2726.6,2890.1,4048201
2019-01-07,3035.94,3124.32,3009.42,3031.52,4878005
2019-01-08,3088.96,3225.96,3088.96,3168.52,6220805
2019-01-09,3230.38,3287.83,3203.86,3212.7,3857667
2019-01-10,3168.52,3199.44,3128.74,3177.34,4637913
2019-01-11,3181.78,3208.28,3084.54,3124.32,3556702
2019-01-15,3066.87,3314.35,3053.62,3301.09,3675051
2019-01-16,3287.83,3296.67,3106.64,3141.99,4348149
2019-01-17,3203.86,3208.28,3106.64,3124.32,3193282
2019-01-18,3137.57,3190.61,3115.49,3155.25,3383137
2019-01-21,3217.12,3278.99,3181.78,3208.28,3358924
2019-01-22,3208.28,3221.54,3124.32,3133.16,2129156
2019-01-23,3075.7,3186.19,3053.62,3150.83,2765256
2019-01-24,3172.93,3261.32,3155.25,3212.7,4095383
2019-01-25,3212.7,3314.35,3190.61,3278.99,4894637
2019-01-28,3278.99,3314.35,3195.03,3208.28,2691824
2019-01-29,3181.78,3181.78,3053.62,3124.32,3509520
2019-01-30,3172.93,3177.34,3111.06,3119.9,2425368
2019-01-31,3172.93,3243.64,3155.25,3217.12,2957374
2019-02-01,3186.19,3301.09,3181.78,3243.64,3248947
2019-02-04,3274.58,3336.44,3274.58,3314.35,2124742
2019-02-05,3358.52,3362.95,3195.03,3230.38,3729700
2019-02-06,3256.89,3292.24,3230.38,3274.58,2247052
2019-02-07,3256.89,3261.32,3155.25,3164.09,2897408
2019-02-08,3097.81,3102.23,2987.34,3005.01,3564282
2019-02-12,3102.23,3349.69,3097.81,3323.19,6904876
2019-02-13,3314.35,3464.59,3252.48,3433.66,5852972
2019-02-14,3455.75,3477.85,3376.21,3460.17,3602638
2019-02-15,3243.64,3389.47,3230.38,3309.94,5828645
2019-02-18,3393.88,3433.66,3327.6,3433.66,3823610
2019-02-19,3429.23,3486.68,3402.73,3420.39,3586345
2019-02-20,3438.09,3464.59,3398.29,3464.59,2603119
2019-02-21,3473.43,3557.39,3460.17,3522.04,5137559
2019-02-22,3464.59,3522.04,3420.39,3513.2,2569740
2019-02-25,3557.39,3632.53,3495.52,3513.2,4199023
2019-02-26,3575.08,3614.84,3499.95,3526.45,3307784
2019-02-27,3641.35,3747.41,3606.01,3738.58,5896872
2019-02-28,3707.64,3712.06,3645.78,3663.45,3569713
2019-03-01,3663.45,3685.54,3548.55,3561.81,3749500
2019-03-04,3588.33,3592.75,3429.23,3517.63,4393746
2019-03-05,3477.85,3539.72,3451.34,3482.27,2615113
2019-03-06,3460.17,3526.45,3424.82,3526.45,2516225
2019-03-07,3482.27,3491.1,3349.69,3376.21,3007271
2019-03-08,3314.35,3345.27,3225.96,3252.48,3782764
2019-03-11,3265.73,3283.41,3177.34,3265.73,2139904
2019-03-12,3349.69,3376.21,3301.09,3332.02,2238228
2019-03-13,3301.09,3385.04,3292.24,3336.44,2310753
2019-03-14,3362.95,3407.14,3261.32,3278.99,2968463
2019-03-15,3261.32,3354.11,3261.32,3318.77,2382147
2019-03-18,3358.52,3424.82,3349.69,3424.82,1958534
2019-03-19,3415.98,3464.59,3358.52,3438.09,2068172
2019-03-20,3424.82,3469.01,3376.21,3460.17,1929455
2019-03-22,3486.68,3486.68,3345.27,3385.04,2751791
2019-03-25,3230.38,3265.73,3172.93,3252.48,3015304
2019-03-26,3314.35,3393.88,3283.41,3362.95,2171132
2019-03-27,3398.29,3446.92,3389.47,3407.14,2193761
2019-03-28,3389.47,3398.29,3332.02,3385.04,2376037
2019-03-29,3429.23,3442.5,3354.11,3438.09,2226234
2019-04-01,3477.85,3561.81,3446.92,3522.04,3046307
2019-04-02,3592.75,3663.45,3588.33,3641.35,4188276
2019-04-03,3628.09,3800.45,3628.09,3778.35,4291690
2019-04-04,3800.45,3857.9,3698.81,3707.64,4935255
2019-04-05,3720.9,3800.45,3716.48,3773.94,2920829
2019-04-08,3791.61,3800.45,3681.12,3703.23,2424011
2019-04-09,3703.23,3747.41,3654.6,3712.06,1832715
2019-04-10,3632.53,3689.96,3614.84,3654.6,2112410
2019-04-11,3632.53,3681.12,3614.84,3654.6,2021328
2019-04-12,3654.6,3659.04,3601.59,3654.6,1767319
2019-04-15,3725.33,3747.41,3694.38,3729.74,1729189
2019-04-16,3712.06,3738.58,3676.7,3685.54,1598167
2019-04-17,3689.96,3787.2,3681.12,3747.41,2870819
2019-04-18,3765.1,3782.76,3685.54,3703.23,1783272
2019-04-19,3747.41,3756.25,3720.9,3742.99,1140045
2019-04-22,3756.25,3756.25,3628.09,3628.09,1866773
2019-04-23,3570.66,3575.08,3398.29,3469.01,4673438
2019-04-24,3530.89,3570.66,3420.39,3420.39,3015304
2019-04-25,3376.21,3446.92,3349.69,3415.98,2624616
2019-04-26,3340.85,3345.27,3243.64,3327.6,3691796
2019-05-07,3270.15,3283.41,3172.93,3203.86,4929711
2019-05-08,3172.93,3239.22,3168.52,3203.86,2911551
2019-05-09,3225.96,3230.38,3066.87,3093.38,3388344
2019-05-10,2823.81,2929.88,2739.86,2806.14,9303204
2019-05-13,2739.86,2744.28,2651.48,2708.93,5182590
2019-05-14,2590.49,2761.94,2566.63,2739.86,5973810
2019-05-15,2766.37,2779.63,2708.93,2770.79,2848756
2019-05-16,2753.11,2788.46,2708.93,2735.44,2726333
2019-05-17,2748.69,2775.21,2722.18,2744.28,1812916
2019-05-20,2717.77,2753.11,2677.99,2708.93,2464629
2019-05-21,2682.41,2748.69,2648.83,2739.86,2507286
2019-05-22,2775.21,2801.72,2704.52,2722.18,2561369
2019-05-23,2704.52,2704.52,2648.83,2673.57,2779511
2019-05-24,2614.35,2722.18,2595.8,2708.93,2821035
2019-05-27,2708.93,2731.03,2682.41,2704.52,1563659
2019-05-28,2708.93,2735.44,2686.82,2717.77,2258367
2019-05-29,2660.31,2695.66,2644.41,2686.82,2010353
2019-05-30,2660.31,2713.34,2655.89,2695.66,1689249
2019-05-31,2669.16,2695.66,2634.67,2639.98,3089189
2019-06-03,2552.48,2610.82,2507.41,2601.98,4143131
2019-06-04,2632.92,2708.93,2620.53,2700.09,2604928
2019-06-05,2753.11,2784.05,2686.82,2739.86,2913813
2019-06-06,2704.52,2735.44,2669.16,2704.52,1957968
2019-06-07,2726.6,2792.88,2717.77,2775.21,2498007
2019-06-10,2832.67,2868.01,2792.88,2801.72,1852857
2019-06-11,2792.88,2868.01,2784.05,2850.33,1626229
2019-06-12,2854.75,2881.26,2819.4,2832.67,1578933
2019-06-13,2828.23,2845.92,2775.21,2779.63,1656210
2019-06-14,2784.05,2788.46,2748.69,2753.11,1492377
2019-06-17,2744.28,2757.53,2700.09,2704.52,1600205
2019-06-18,2708.93,2717.77,2655.89,2664.73,1622721
2019-06-19,2722.18,2784.05,2708.93,2748.69,1836225
2019-06-20,2722.18,2801.72,2717.77,2788.46,1925383
2019-06-21,2810.56,2823.81,2779.63,2819.4,2675192
2019-06-24,2819.4,2859.18,2801.72,2841.49,1395639
2019-06-25,2823.81,2854.75,2797.31,2810.56,1734620
2019-06-26,2797.1,2850.97,2774.64,2815.05,1297076
2019-06-27,2855.46,2922.81,2850.97,2909.33,1926959
2019-06-28,2909.33,2909.33,2810.56,2846.48,2465969
2019-07-01,2918.31,2922.81,2846.48,2873.42,2551053
2019-07-02,2846.48,2846.48,2783.63,2824.03,2354715
2019-07-03,2810.56,2810.56,2747.7,2788.11,2107372
2019-07-04,2774.64,2810.56,2761.19,2792.6,1187602
2019-07-05,2797.1,2824.03,2792.6,2819.54,1174908
2019-07-08,2828.52,2833.02,2752.19,2761.19,1709240
2019-07-09,2761.19,2761.19,2698.32,2729.74,1764365
2019-07-10,2707.29,2711.79,2627.38,2643.54,3622167
2019-07-11,2644.45,2707.29,2644.45,2682.15,2184771
2019-07-12,2692.02,2720.77,2674.97,2692.93,1297521
2019-07-16,2687.54,2725.27,2676.77,2687.54,1517691
2019-07-17,2661.51,2720.77,2657.91,2707.29,1316343
2019-07-18,2668.68,2702.81,2608.52,2627.38,2545595
2019-07-19,2622,2639.95,2583.38,2627.38,2710862
2019-07-22,2639.95,2662.4,2599.55,2613.01,1752227
2019-07-23,2595.05,2672.28,2594.17,2651.62,2472094
2019-07-24,2707.29,2720.77,2666.89,2679.46,1700329
2019-07-25,2698.32,2720.77,2692.02,2698.32,1224131
2019-07-26,2683.06,2707.29,2640.85,2683.06,2237448
2019-07-29,2667.79,2671.38,2632.76,2653.43,1842767
2019-07-30,2663.3,2702.81,2650.73,2674.08,2562968
2019-07-31,2650.73,2670.48,2631.88,2647.14,2409507
2019-08-01,2609.43,2625.59,2580.68,2595.05,2422091
2019-08-02,2534,2534.9,2433.42,2481.01,4029654
2019-08-05,2420.86,2422.66,2345.42,2377.75,3155545
2019-08-06,2265.51,2361.59,2253.84,2352.61,3881983
2019-08-07,2425.34,2460.37,2370.57,2406.48,4329116
2019-08-08,2361.59,2450.5,2350.82,2446,4466430
2019-08-09,2455.87,2512.44,2430.74,2468.44,2907645
2019-08-13,2428.93,2461.25,2383.14,2459.46,2490693
2019-08-14,2492.7,2507.06,2466.65,2491.79,2109933
2019-08-15,2397.51,2444.2,2360.69,2437.01,2329658
2019-08-16,2408.29,2433.42,2395.71,2410.97,2098351
2019-08-19,2435.23,2487.3,2423.54,2442.41,2001352
2019-08-20,2446.89,2466.65,2434.32,2454.98,1230813
2019-08-21,2407.39,2429.84,2388.53,2390.33,1552214
2019-08-22,2390.33,2416.36,2374.17,2385.84,1260770
2019-08-23,2373.26,2396.6,2365.18,2380.45,1198963
2019-08-26,2290.66,2302.33,2268.21,2291.56,2376877
2019-08-27,2336.45,2378.65,2332.85,2358,2126861
2019-08-28,2335.55,2382.25,2331.07,2363.39,1019107
2019-08-29,2375.96,2401.09,2355.31,2395.71,1581727
2019-08-30,2428.93,2481.01,2422.66,2462.16,2246579
2019-09-02,2460.37,2461.25,2404.69,2435.23,1483502
2019-09-03,2435.23,2498.08,2435.23,2476.52,1513348
2019-09-04,2448.68,2452.29,2407.39,2441.5,1749220
2019-09-05,2468.44,2530.4,2467.55,2498.98,2278652
2019-09-06,2542.08,2561.84,2512.44,2522.33,2209939
2019-09-09,2534,2567.22,2526.81,2554.65,1815594
2019-09-10,2592.36,2687.54,2587.87,2683.06,3321925
2019-09-11,2747.7,2792.6,2734.24,2765.67,3593547
2019-09-12,2815.05,2850.97,2756.68,2761.19,2496149
2019-09-13,2752.19,2770.15,2716.28,2765.67,1938318
2019-09-17,2788.11,2792.6,2725.27,2747.7,1493079
2019-09-18,2747.7,2770.15,2734.24,2756.68,1362558
2019-09-19,2765.67,2779.13,2685.75,2686.65,2047902
2019-09-20,2692.02,2693.83,2610.32,2639.05,3070572
2019-09-24,2644.45,2674.08,2629.18,2637.25,1666587
2019-09-25,2602.25,2603.13,2532.2,2551.06,2758415
2019-09-26,2601.34,2669.59,2593.25,2599.55,2646047
2019-09-27,2587.87,2614.82,2548.36,2574.41,2040775
2019-09-30,2564.53,2570.81,2532.2,2536.69,2337230
2019-10-01,2554.65,2586.98,2531.3,2582.49,3007318
2019-10-02,2521.42,2535.79,2504.36,2532.2,3647113
2019-10-03,2461.25,2482.82,2451.38,2476.52,2829689
2019-10-04,2476.52,2478.32,2457.67,2476.52,1331822
2019-10-07,2478.32,2484.6,2445.1,2466.65,2115055
2019-10-08,2483.71,2531.3,2483.71,2512.44,1898672
2019-10-09,2463.07,2478.32,2457.67,2472.94,1902236
2019-10-10,2489.09,2530.4,2475.63,2527.71,2329211
2019-10-11,2541.18,2586.07,2521.42,2584.28,2213837
2019-10-15,2672.28,2702.81,2622,2623.79,2719882
2019-10-16,2668.68,2698.32,2604.04,2624.69,2313510
2019-10-17,2615.7,2655.22,2588.77,2640.85,1716032
2019-10-18,2648.93,2702.81,2648.03,2671.38,2234663
2019-10-21,2648.93,2665.09,2614.82,2614.82,2694268
2019-10-23,2654.32,2677.67,2622,2667.79,2987272
2019-10-24,2687.54,2720.77,2682.15,2716.28,2159157
2019-10-25,2720.77,2756.68,2720.77,2734.24,2467973
2019-10-28,2774.64,2810.56,2743.22,2752.19,1875397
2019-10-29,2792.6,2801.58,2747.7,2765.67,1857801
2019-10-30,2774.64,2774.64,2711.79,2738.73,2151696
2019-10-31,2738.73,2770.15,2716.28,2761.19,1816484
2019-11-01,2702.81,2720.77,2684.85,2720.77,1582394
2019-11-05,2783.63,2819.54,2770.15,2792.6,2378547
2019-11-06,2824.03,2841.99,2801.58,2824.03,2357610
2019-11-07,2698.32,2824.03,2693.83,2815.05,3635085
2019-11-08,2855.46,2909.33,2850.97,2873.42,3051419
2019-11-11,2904.85,2909.33,2837.5,2846.48,1675050
2019-11-12,2855.46,2954.23,2850.97,2954.23,3133384
2019-11-13,2949.74,2981.17,2913.82,2967.71,2717655
2019-11-14,2949.74,2949.74,2873.42,2873.42,3047966
2019-11-15,2850.97,2882.4,2810.56,2868.93,2040329
2019-11-18,2873.42,2873.42,2810.56,2819.54,1763140
2019-11-19,2810.56,2828.52,2765.67,2815.05,1698993
2019-11-20,2770.15,2797.1,2747.7,2761.19,2014158
2019-11-21,2729.74,2752.19,2698.32,2720.77,1841098
2019-11-22,2702.81,2756.68,2693.83,2725.27,1708794
2019-11-25,2761.19,2810.56,2756.68,2770.15,1467241
2019-11-26,2554.65,2674.08,2530.4,2604.04,13953668
2019-11-27,2604.04,2632.76,2579.79,2620.19,5685772
2019-11-28,2638.16,2672.28,2615.7,2621.09,3259783
2019-11-29,2648.93,2652.52,2622.89,2624.69,3311902
2019-12-02,2625.59,2680.36,2625.59,2662.4,2941165
2019-12-03,2637.25,2660.6,2621.09,2660.6,1981528
2019-12-04,2622.89,2636.36,2597.75,2619.31,3589202
2019-12-05,2639.05,2650.73,2622.89,2635.46,2048013
2019-12-06,2644.45,2675.87,2641.76,2651.62,2700839
2019-12-09,2681.26,2698.32,2675.87,2682.15,2383893
2019-12-10,2677.67,2702.81,2669.59,2689.35,1728395
2019-12-11,2692.02,2698.32,2663.3,2673.17,1996785
2019-12-12,2680.36,2691.14,2658.81,2663.3,1448978
2019-12-13,2711.79,2729.74,2683.06,2693.83,3248201
2019-12-16,2692.93,2716.28,2692.93,2698.32,1134036
2019-12-17,2720.77,2747.7,2716.28,2729.74,1743429
2019-12-18,2729.74,2747.7,2692.02,2711.79,2265734
2019-12-19,2611.22,2689.35,2593.25,2639.95,9239449
2019-12-20,2644.45,2684.85,2636.36,2671.38,3297647
2019-12-23,2691.14,2711.79,2669.59,2702.81,2115055
2019-12-24,2711.79,2725.27,2693.83,2707.29,1386836
2019-12-25,2707.29,2707.29,2678.57,2692.93,1335942
2019-12-26,2684.85,2725.27,2678.57,2716.28,2103585
2019-12-27,2720.89,2739.34,2702.44,2725.5,2379720
2019-12-30,2709.82,2709.82,2664.63,2673.84,2221101
2020-01-06,2627.74,2627.74,2584.39,2618.51,2951203
2020-01-07,2628.65,2646.18,2610.21,2612.98,1717705
2020-01-08,2569.63,2569.63,2532.73,2541.96,3431398
2020-01-09,2583.46,2590.85,2548.41,2549.34,2107476
2020-01-10,2541.96,2548.41,2513.36,2532.73,2862299
2020-01-14,2544.72,2565.94,2529.04,2548.41,2100212
2020-01-15,2550.25,2565.94,2541.96,2541.96,1416079
2020-01-16,2497.68,2509.68,2468.17,2492.15,3102125
2020-01-17,2510.6,2547.5,2505.06,2536.42,2141304
2020-01-20,2537.34,2586.23,2531.81,2580.69,1943437
2020-01-21,2578.85,2589,2551.19,2569.63,1232632
2020-01-22,2529.04,2563.16,2519.81,2562.25,1743183
2020-01-23,2519.81,2536.42,2511.52,2524.43,1842605
2020-01-24,2527.2,2541.04,2524.43,2535.5,1213442
2020-01-27,2497.68,2497.68,2464.48,2475.55,2381130
2020-01-28,2439.57,2474.62,2417.44,2468.17,2521642
2020-01-29,2464.48,2486.62,2459.87,2473.71,1706104
2020-01-30,2452.49,2465.4,2422.98,2442.35,2329629
2020-01-31,2456.18,2496.77,2455.26,2467.25,2117993
2020-02-03,2398.07,2458.02,2389.77,2446.03,1834798
2020-02-04,2433.11,2458.95,2429.43,2449.73,1216586
2020-02-05,2484.77,2489.39,2469.09,2473.71,1982034
2020-02-06,2564.1,2578.85,2530.88,2532.73,2925508
2020-02-07,2535.5,2550.25,2500.45,2541.04,1574481
2020-02-10,2491.23,2542.88,2485.69,2541.04,1225043
2020-02-12,2565.94,2566.86,2522.59,2537.34,2130895
2020-02-13,2531.81,2557.64,2524.43,2538.27,1713584
2020-02-14,2457.1,2524.43,2446.03,2524.43,3713832
2020-02-17,2481.08,2499.53,2446.96,2494.92,3021134
2020-02-18,2471.86,2480.16,2448.8,2469.09,2334183
2020-02-19,2481.08,2490.31,2436.81,2450.64,2481526
2020-02-20,2473.71,2483.85,2434.96,2448.8,1777770
2020-02-21,2462.64,2484.77,2446.96,2447.88,2318570
2020-02-25,2311.37,2387.93,2310.45,2372.25,3045530
2020-02-26,2326.13,2344.58,2308.61,2334.43,2452686
2020-02-27,2313.22,2315.06,2220.98,2243.13,4164754
2020-02-28,2139.82,2178.56,2107.54,2150.89,4370210
2020-03-02,2094.63,2169.34,2090.01,2125.99,2223920
2020-03-03,2169.34,2176.71,2097.39,2097.39,2291032
2020-03-04,2060.5,2099.23,2046.66,2078.02,1678239
2020-03-05,2109.39,2120.45,2067.88,2078.02,1637148
2020-03-06,2031.9,2035.6,1974.72,1986.71,2673539
2020-03-09,1885.26,1898.17,1787.49,1802.24,3117630
2020-03-10,1739.52,1810.54,1675.88,1804.08,3608447
2020-03-11,1794.87,1853.9,1754.28,1754.28,2525545
2020-03-12,1694.34,1734.91,1638.07,1656.52,4268728
2020-03-13,1491.41,1681.42,1481.27,1609.48,5982530
2020-03-16,1627,1648.21,1551.37,1555.06,3807292
2020-03-17,1506.18,1627,1478.5,1595.64,5200711
2020-03-18,1625.15,1866.81,1622.39,1782.87,7127775
2020-03-19,1856.66,2054.97,1852.05,1858.5,8274213
2020-03-23,1812.39,1898.17,1800.4,1826.22,3971657
2020-03-24,1837.29,1912.01,1753.36,1911.08,4273607
2020-03-25,2032.82,2076.18,2004.24,2057.73,3528760
2020-03-26,2029.14,2091.86,2006.08,2072.49,3850659
2020-03-27,2155.49,2180.4,2079.86,2138.9,3031326
2020-03-30,2077.1,2154.58,2071.57,2131.52,2960636
2020-03-31,2128.75,2151.81,2063.26,2063.26,4710542
2020-04-01,2040.21,2116.76,1981.18,2014.38,4891279
2020-04-02,1976.56,2044.81,1965.5,2025.44,2974948
2020-04-03,1979.33,2048.51,1954.43,2041.13,2183912
2020-04-06,2080.79,2130.59,1999.62,2111.23,2612389
2020-04-07,2157.34,2175.79,2060.5,2104.77,1986154
2020-04-08,2105.69,2123.21,2061.42,2105.69,1934654
2020-04-09,2078.02,2117.68,2062.34,2108.46,1609934
2020-04-10,2129.67,2144.43,2083.55,2123.21,1679541
2020-04-13,2125.99,2143.51,2113.08,2127.83,1243582
2020-04-14,2076.18,2161.03,2070.64,2144.43,1745677
2020-04-15,2123.21,2174.87,2112.14,2132.44,1792623
2020-04-16,2104.77,2133.36,2104.77,2123.21,1325982
2020-04-17,2157.34,2190.55,2133.36,2138.9,1865156
2020-04-20,2132.44,2170.25,2124.14,2156.43,871917
2020-04-21,2126.9,2135.21,2079.86,2082.64,1893454
2020-04-22,2049.43,2078.95,2010.69,2066.04,1543582
2020-04-23,2096.47,2138.9,2072.49,2124.14,1408490
2020-04-24,2110.3,2126.9,2087.24,2118.6,954208
2020-04-27,2127.83,2170.25,2119.53,2170.25,1194142
2020-04-28,2169.34,2173.94,2135.21,2135.21,1364147
2020-04-30,2200.69,2229.28,2186.85,2190.55,1629776
2020-05-01,2166.56,2166.56,2115.84,2128.75,1683987
2020-05-07,2066.95,2091.86,2051.27,2056.81,2087961
2020-05-08,2076.18,2103.85,2056.81,2095.55,1343763
2020-05-11,2111.23,2206.23,2108.46,2173.94,1883155
2020-05-12,2209,2209,2151.81,2185.93,1356448
2020-05-13,2146.28,2192.39,2118.6,2180.4,956485
2020-05-14,2161.95,2170.25,2102.92,2117.68,1318500
2020-05-15,2146.28,2174.87,2097.39,2159.19,1381168
2020-05-18,1983.02,2042.06,1978.41,2015.31,3046939
2020-05-19,2080.79,2149.04,2079.86,2108.46,2516330
2020-05-20,2098.32,2136.12,2076.18,2119.53,1426704
2020-05-21,2149.04,2179.47,2130.59,2155.49,1460965
2020-05-22,2141.67,2155.49,2115.84,2120.45,1480697
2020-05-25,2182.25,2240.35,2174.87,2239.44,2673539
2020-05-26,2255.11,2369.48,2247.73,2333.5,3953658
2020-05-27,2339.96,2398.07,2327.05,2367.63,2851891
2020-05-28,2421.13,2470.94,2380.55,2400.84,2068227
2020-05-29,2360.26,2396.22,2353.81,2375.01,2136641
2020-06-01,2373.17,2387.01,2346.42,2371.32,1046800
2020-06-02,2382.39,2406.38,2367.63,2372.25,1111200
2020-06-03,2455.26,2459.87,2399.92,2403.61,1628474
2020-06-04,2444.19,2479.24,2367.63,2387.93,1822222
2020-06-05,2391.62,2439.57,2385.16,2422.98,1651894
2020-06-08,2469.09,2483.85,2439.57,2457.1,1735160
2020-06-09,2457.1,2510.6,2457.1,2499.53,2033859
2020-06-10,2473.71,2496.77,2455.26,2486.62,1437655
2020-06-11,2422.05,2446.03,2400.84,2425.74,1614380
2020-06-12,2291.08,2392.54,2280.02,2380.55,2078094
2020-06-15,2390.7,2442.35,2350.12,2354.72,2155289
2020-06-16,2433.11,2457.1,2376.85,2435.89,2409536
2020-06-17,2443.27,2448.8,2409.14,2424.82,1338016
2020-06-18,2396.22,2425.74,2362.1,2419.29,1248353
2020-06-19,2442.35,2442.35,2374.09,2410.98,1404695
2020-06-22,2390.7,2409.14,2359.33,2379.63,1083879
2020-06-23,2390.7,2406.38,2357.49,2369.48,1097215
2020-06-24,2342.74,2363.03,2331.66,2350.12,1215068
2020-06-25,2326.13,2327.05,2259.72,2276.33,1969999
2020-06-26,2310.45,2316.91,2272.63,2281.86,1272856
2020-06-29,2262.01,2302.66,2254.45,2266.74,1587182
2020-06-30,2314,2331.01,2279.97,2283.75,1329898
2020-07-01,2278.08,2281.86,2215.69,2246.88,1637538
2020-07-02,2243.11,2256.34,2214.74,2226.09,994858
2020-07-03,2246.88,2254.45,2203.4,2227.03,708800
2020-07-06,2227.97,2282.8,2222.31,2262.01,1093667
2020-07-07,2260.12,2272.4,2222.31,2244.05,1025855
2020-07-08,2226.09,2257.28,2203.4,2217.59,1083406
2020-07-09,2202.45,2210.96,2176.93,2203.4,876690
2020-07-10,2185.44,2194.9,2146.69,2146.69,985020
2020-07-13,2183.55,2214.74,2183.55,2194.9,886740
2020-07-14,2187.33,2227.97,2184.5,2205.29,748789
2020-07-15,2233.65,2258.23,2208.13,2217.59,851724
2020-07-16,2289.42,2308.32,2258.23,2268.63,2063559
2020-07-17,2296.04,2302.66,2250.66,2262.01,1042358
2020-07-20,2268.63,2281.86,2227.03,2281.86,873833
2020-07-21,2262.01,2263.89,2223.25,2251.61,857859
2020-07-22,2255.39,2279.97,2242.16,2247.83,858071
2020-07-27,2216.63,2241.21,2181.67,2236.48,1089224
2020-07-28,2231.76,2261.06,2225.14,2244.05,848338
2020-07-29,2216.63,2221.36,2186.39,2198.68,964813
2020-07-30,2221.36,2226.09,2171.27,2171.27,1578719
2020-07-31,2155.19,2155.19,2049.33,2056.88,1966125
2020-08-03,2072.95,2077.68,2040.82,2055.94,1241246
2020-08-04,2083.35,2169.38,2082.41,2162.76,1653831
2020-08-05,2117.38,2121.16,2071.06,2117.38,2027801
2020-08-06,2112.66,2154.25,2096.58,2121.16,1003110
2020-08-07,2033.25,2101.31,2030.42,2097.54,1801409
2020-08-11,2139.12,2192.05,2134.4,2179.77,2064829
2020-08-12,2188.28,2240.26,2185.44,2236.48,1387554
2020-08-13,2180.71,2201.51,2131.56,2196.79,3168016
2020-08-14,2194.9,2230.82,2167.48,2168.42,1546558
2020-08-17,2146.69,2175.04,2127.78,2127.78,986395
2020-08-18,2105.09,2105.09,2042.71,2068.23,2012673
2020-08-19,2041.76,2056.88,2027.59,2050.27,1248439
2020-08-20,2015.3,2024.74,1990.72,1990.72,1578401
2020-08-21,2009.62,2025.7,1993.55,2004.9,1123394
2020-08-24,1996.39,2003.01,1967.09,1980.32,828767
2020-08-25,2019.08,2031.36,2007.73,2012.45,1867422
2020-08-26,1994.5,2030.42,1987.88,2023.8,937731
2020-08-27,1996.39,1998.28,1971.81,1972.76,1535344
2020-08-28,1960.47,2037.03,1952.9,1979.38,2746016
2020-08-31,2003.01,2013.41,1953.86,1953.86,1383323
2020-09-01,1923.6,1934,1898.08,1914.15,1544337
2020-09-02,1930.23,1930.23,1882.02,1892.41,1409876
2020-09-03,1916.04,1917.94,1872.56,1872.56,1077587
2020-09-04,1844.2,1873.51,1835.7,1865,1097158
2020-09-07,1865,1926.44,1864.05,1898.08,1218607
2020-09-08,1890.52,1911.32,1886.74,1899.97,1045427
2020-09-09,1843.25,1862.16,1838.53,1857.44,2063877
2020-09-10,1871.62,1893.36,1849.87,1881.07,1218501
2020-09-11,1880.12,1892.41,1861.22,1885.79,1056322
2020-09-14,1884.85,1955.75,1878.23,1953.86,1931849
2020-09-15,1947.24,2015.3,1945.35,2000.17,2623299
2020-09-16,1984.1,1990.72,1962.36,1980.32,1488479
2020-09-17,1969.92,1978.43,1953.86,1974.65,1372109
2020-09-18,1997.33,2008.68,1985.99,1997.33,1488796
2020-09-23,1961.41,1968.03,1912.26,1956.69,1859700
2020-09-24,1956.69,1956.69,1881.07,1886.74,1879376
2020-09-25,1908.48,1910.37,1868.77,1874.45,1119480
2020-09-28,1889.57,1910.37,1876.34,1901.86,1253941
2020-09-29,1894.31,1915.09,1884.85,1897.14,1011044
2020-09-30,1882.02,1884.85,1816.79,1816.79,1921376
2020-10-02,1824.35,1831.91,1739.28,1754.4,2401349
2020-10-05,1795.05,1826.24,1772.36,1806.39,1437594
2020-10-06,1817.73,1879.17,1817.73,1876.34,2227852
2020-10-07,1859.33,1913.2,1847.99,1907.54,1568139
2020-10-08,1915.09,1933.06,1889.57,1912.26,1206018
2020-10-09,1913.2,1914.15,1865,1874.45,1321541
2020-10-12,1860.27,1879.17,1838.53,1846.1,1285890
2020-10-13,1854.6,1873.51,1844.2,1870.67,1051668
2020-10-14,1850.82,1850.82,1797.89,1805.44,2033832
2020-10-15,1812.07,1827.19,1789.38,1795.05,1087108
2020-10-16,1789.38,1790.32,1759.13,1762.91,1281340
2020-10-19,1760.07,1787.49,1758.18,1772.36,984068
2020-10-20,1763.86,1795.05,1754.4,1754.4,1149843
2020-10-21,1753.46,1813.95,1753.46,1811.12,1186234
2020-10-22,1794.1,1806.39,1779.92,1781.81,909697
2020-10-23,1782.76,1813.95,1763.86,1812.07,1326090
2020-10-26,1811.12,1824.35,1797.89,1823.41,793326
2020-10-27,1807.33,1814.9,1773.31,1789.38,1062988
2020-10-28,1761.02,1761.97,1715.65,1732.66,1558512
2020-10-29,1692.02,1739.28,1687.29,1726.05,1030192
2020-10-30,1730.77,1730.77,1661.76,1670.27,1450818
2020-11-02,1702.42,1733.6,1701.47,1725.1,1275840
2020-11-04,1762.91,1772.36,1709.03,1709.03,1165182
2020-11-05,1681.62,1712.82,1637.19,1701.47,2156232
2020-11-06,1744,1796.94,1742.11,1772.36,2654084
2020-11-09,1807.33,1813.95,1767.64,1785.6,1922857
2020-11-10,1890.52,1940.61,1849.87,1874.45,2660537
2020-11-11,1906.59,1926.44,1848.93,1862.16,2107462
2020-11-12,1824.35,1866.89,1808.28,1856.49,1471024
2020-11-13,1832.86,1842.31,1806.39,1818.68,1197660
2020-11-16,1846.1,1852.71,1815.84,1836.64,1815268
2020-11-17,1865.94,1870.67,1833.81,1865,1473563
2020-11-18,1847.99,1882.96,1834.75,1867.83,1447538
2020-11-19,1844.2,1868.77,1817.73,1833.81,2006855
2020-11-20,1805.44,1831.91,1794.1,1822.47,1989717
2020-11-24,1840.42,1859.33,1828.13,1844.2,2326238
2020-11-25,1901.86,1921.71,1887.68,1892.41,2456890
2020-11-26,1863.11,1894.31,1859.33,1888.63,1618708
2020-11-27,1881.07,1918.88,1864.05,1916.99,1915135
2020-11-30,1888.63,1889.57,1779.92,1830.97,14053697
2020-12-01,1795.99,1851.76,1795.05,1843.25,2936334
2020-12-02,1841.36,1879.17,1832.86,1859.33,1782261
2020-12-03,1833.81,1862.16,1822.47,1849.87,1873135
2020-12-04,1844.2,1901.86,1840.42,1901.86,2109155
2020-12-07,1923.6,1979.38,1921.71,1951.01,2320419
2020-12-08,1946.29,2028.53,1943.46,2008.68,2608594
2020-12-09,2017.19,2082.41,2015.3,2080.52,2562363
2020-12-10,2105.09,2123.06,2039.87,2041.76,2666144
2020-12-11,2074.85,2149.52,2074.85,2133.46,4238198
2020-12-14,2163.7,2166.53,2114.55,2126.84,1932061
2020-12-15,2131.56,2150.47,2084.29,2096.58,2090430
2020-12-16,2107.93,2115.49,2089.03,2107.93,1209614
2020-12-17,2096.58,2098.48,2053.11,2073.91,1470812
2020-12-18,2054.05,2124.95,2048.37,2119.27,2088314
2020-12-21,2128.72,2145.75,2093.75,2122.11,1424687
2020-12-22,2110.77,2128.72,2081.46,2087.14,1177030
2020-12-23,2081.46,2091.86,2018.13,2040.82,1532700
2020-12-24,2051.22,2075.79,2021.91,2022.85,1036329
2020-12-25,2045.54,2116.44,2013.41,2088.08,2036688
2020-12-28,2121.16,2125.89,2065.39,2103.2,1955229
2020-12-29,2120.73,2166.49,2114.89,2159.68,1469644
2020-12-30,2139.23,2158.71,2119.76,2139.23,1004924
2021-01-04,2151.89,2172.34,2100.28,2145.07,1287145
2021-01-05,2121.7,2144.1,2109.05,2129.49,1105776
2021-01-06,2134.36,2158.71,2112.94,2125.6,1172839
2021-01-07,2189.86,2223.94,2169.42,2170.39,2024226
2021-01-08,2172.34,2195.71,2155.78,2191.81,1294745
2021-01-12,2199.6,2243.42,2174.28,2242.44,1957265
2021-01-13,2299.89,2421.61,2297.94,2376.82,5023182
2021-01-14,2355.39,2414.79,2354.42,2386.55,2168931
2021-01-15,2395.32,2413.82,2341.76,2368.05,1540610
2021-01-18,2336.89,2355.39,2311.58,2329.1,1136072
2021-01-19,2345.66,2375.84,2340.79,2353.45,1074658
2021-01-20,2354.42,2399.21,2341.76,2378.76,1439963
2021-01-21,2427.45,2432.32,2364.16,2370,1319290
2021-01-22,2355.39,2371.95,2338.84,2344.68,1035940
2021-01-25,2361.24,2386.55,2341.76,2369.03,951725
2021-01-26,2381.68,2395.32,2356.37,2367.08,1185369
2021-01-27,2374.87,2384.6,2350.53,2374.87,881889
2021-01-28,2367.08,2502.42,2343.71,2444.97,2659736
2021-01-29,2437.18,2472.24,2392.39,2431.34,1594322
2021-02-01,2434.26,2525.79,2433.29,2490.74,2169444
2021-02-02,2531.63,2585.19,2515.08,2541.37,1943195
2021-02-03,2558.9,2583.24,2545.27,2561.82,1189169
2021-02-04,2566.69,2572.53,2534.56,2553.06,1208476
2021-02-05,2546.24,2556.95,2523.84,2546.24,961995
2021-02-08,2585.19,2608.56,2571.56,2582.27,1491519
2021-02-09,2594.93,2616.35,2557.92,2580.32,1134429
2021-02-10,2552.08,2617.32,2535.53,2578.37,1303474
2021-02-12,2575.45,2592.98,2528.71,2587.14,1119640
2021-02-15,2617.32,2666.01,2612.45,2624.14,1461017
2021-02-16,2636.79,2641.66,2560.85,2580.32,1539274
2021-02-17,2597.85,2636.79,2592.98,2617.32,1043847
2021-02-18,2584.21,2618.29,2533.58,2579.35,2252632
2021-02-19,2581.29,2600.77,2496.58,2532.61,1612911
2021-02-22,2563.77,2575.45,2513.13,2523.84,1450028
2021-02-24,2540.4,2603.69,2524.82,2538.45,1552728
2021-02-25,2599.79,2633.87,2561.82,2562.79,1249556
2021-02-26,2533.58,2540.4,2462.5,2525.79,1773945
2021-03-01,2541.37,2567.66,2517.03,2565.71,1137202
2021-03-02,2595.9,2626.08,2560.85,2575.45,1437293
2021-03-03,2596.87,2687.43,2569.61,2687.43,2812041
2021-03-04,2687.43,2788.69,2675.74,2736.11,2946271
2021-03-05,2754.61,2846.14,2744.88,2842.25,3361694
2021-03-08,2889.96,2945.46,2872.43,2906.51,3191109
2021-03-09,2916.25,2974.67,2864.64,2960.06,2312917
2021-03-10,2899.69,2974.67,2846.14,2974.67,1685314
2021-03-11,2979.54,3047.7,2950.33,2964.93,1594014
2021-03-12,2960.06,2989.28,2901.64,2955.2,1421066
2021-03-15,2960.06,3067.17,2960.06,3067.17,2125899
2021-03-16,3052.57,3076.91,3023.36,3062.3,1130116
2021-03-17,3042.83,3110.99,3033.09,3081.78,1141002
2021-03-18,3106.12,3164.54,3101.25,3145.07,1906839
2021-03-19,3115.86,3159.67,3086.65,3159.67,1041588
2021-03-22,3125.59,3159.67,3106.12,3130.46,791102
2021-03-23,3154.81,3208.36,3115.86,3120.73,1138948
2021-03-24,3052.57,3086.65,3008.75,3067.17,1376083
2021-03-25,3120.73,3188.89,3115.86,3130.46,1188860
2021-03-26,3174.28,3179.15,3067.17,3076.91,1267221
2021-03-29,3145.07,3145.07,3028.22,3052.57,1197487
2021-03-30,3047.7,3125.59,3037.96,3106.12,1007594
2021-03-31,3086.65,3101.25,3057.44,3067.17,934163
2021-04-01,3062.3,3076.91,2964.93,3023.36,1133402
2021-04-02,3062.3,3120.73,3057.44,3072.04,1280264
2021-04-05,3091.51,3169.41,3076.91,3169.41,1646391
2021-04-06,3208.36,3281.39,3179.15,3237.57,2429379
2021-04-07,3261.91,3344.68,3242.44,3330.07,1524486
2021-04-08,3291.12,3325.2,3266.78,3305.73,911775
2021-04-09,3291.12,3315.47,3237.57,3242.44,900375
2021-04-12,3271.65,3291.12,3242.44,3281.39,594738
2021-04-13,3281.39,3286.26,3227.83,3252.18,698363
2021-04-14,3300.86,3364.15,3261.91,3364.15,1463482
2021-04-15,3393.36,3417.71,3310.6,3330.07,908899
2021-04-16,3349.55,3354.42,3247.31,3320.34,947823
2021-04-19,3354.42,3369.02,3286.26,3305.73,868024
2021-04-20,3300.86,3300.86,3227.83,3257.04,930466
2021-04-21,3164.54,3169.41,3096.38,3140.2,1269686
2021-04-22,3188.89,3208.36,3154.81,3179.15,826328
2021-04-23,3120.73,3135.33,3101.25,3120.73,719314
2021-04-26,3159.67,3174.28,3067.17,3106.12,1155072
2021-04-27,3115.86,3198.62,3106.12,3154.81,1032858
2021-04-28,3159.67,3159.67,3106.12,3130.46,527572
2021-04-30,3164.54,3232.7,3154.81,3222.97,1160721
2021-05-06,3281.39,3320.34,3257.04,3286.26,1219465
2021-05-07,3310.6,3422.57,3300.86,3412.84,1899958
2021-05-10,3407.97,3631.92,3403.1,3573.5,3647099
2021-05-11,3544.29,3622.18,3359.28,3412.84,2626153
2021-05-12,3427.44,3481,3310.6,3383.63,1348971
2021-05-13,3339.81,3417.71,3286.26,3300.86,1530545
2021-05-14,3505.34,3519.95,3373.89,3481,2515750
2021-05-17,3529.68,3539.42,3442.05,3515.08,1800647
2021-05-18,3534.55,3617.32,3519.95,3602.71,1532702
2021-05-19,3563.76,3602.71,3490.73,3515.08,1232611
2021-05-20,3466.39,3510.21,3412.84,3432.31,932315
2021-05-21,3388.5,3393.36,3300.86,3315.47,1478989
2021-05-24,3349.55,3427.44,3349.55,3388.5,1035631
2021-05-25,3412.84,3461.52,3369.02,3446.92,910131
2021-05-26,3432.31,3461.52,3364.15,3407.97,1283858
2021-05-27,3393.36,3407.97,3281.39,3281.39,1946584
2021-05-28,3349.55,3432.31,3300.86,3393.36,1501481
2021-05-31,3383.63,3407.97,3305.73,3315.47,1006156
2021-06-01,3339.81,3403.1,3310.6,3378.76,1026696
2021-06-02,3373.89,3481,3369.02,3432.31,1156510
2021-06-03,3437.18,3524.81,3422.57,3461.52,1009443
2021-06-04,3461.52,3563.76,3412.84,3549.16,1369716
2021-06-07,3578.37,3588.1,3471.26,3510.21,936012
2021-06-08,3505.34,3519.95,3451.79,3461.52,739341
2021-06-09,3442.05,3490.73,3427.44,3466.39,639002
2021-06-10,3461.52,3510.21,3456.65,3505.34,758443
2021-06-11,3495.6,3505.34,3451.79,3490.73,701341
2021-06-14,3510.21,3539.42,3481,3490.73,606035
2021-06-15,3490.73,3534.55,3476.13,3495.6,614560
2021-06-16,3524.81,3588.1,3505.34,3524.81,892672
2021-06-17,3539.42,3544.29,3446.92,3466.39,808766
2021-06-18,3378.76,3383.63,3286.26,3291.12,2070647
2021-06-21,3222.97,3252.18,3169.41,3208.36,1626878
2021-06-22,3305.73,3334.94,3276.52,3281.39,1380294
2021-06-23,3281.39,3291.12,3261.91,3281.39,613122
2021-06-24,3261.91,3266.78,3213.23,3232.7,875624
2021-06-25,3242.44,3291.12,3242.44,3247.31,787610
2021-06-28,3257.04,3334.94,3257.04,3330.07,834236
2021-06-29,3213.23,3252.18,3174.28,3213.23,1533421
2021-06-30,3218.1,3257.04,3198.62,3213.23,746530
2021-07-01,3227.83,3291.12,3218.1,3237.57,839987
2021-07-02,3222.97,3257.04,3218.1,3247.31,688196
2021-07-05,3213.23,3222.97,3135.33,3145.07,974319
2021-07-06,3154.81,3193.75,3140.2,3174.28,1037172
2021-07-07,3106.12,3140.2,3081.78,3110.99,901094
2021-07-08,3140.2,3149.94,3042.83,3052.57,1532702
2021-07-09,2969.8,3023.36,2921.12,3008.75,2345781
2021-07-12,3115.86,3193.75,3106.12,3179.15,1758745
2021-07-13,3179.15,3242.44,3169.41,3242.44,853646
2021-07-14,3174.28,3257.04,3154.81,3198.62,844711
2021-07-15,3140.2,3188.89,3130.46,3174.28,758032
2021-07-16,3135.33,3213.23,3135.33,3188.89,704833
2021-07-19,3135.33,3149.94,3018.49,3018.49,1398267
2021-07-20,2935.72,2994.14,2930.85,2930.85,1539993
2021-07-21,3013.62,3023.36,2913.33,2925.99,1646802
2021-07-26,2989.28,3008.75,2964.93,2974.67,964049
2021-07-27,3013.62,3067.17,2984.41,3028.22,1067982
2021-07-28,2989.28,3086.65,2984.41,3047.7,1104030
2021-07-29,3047.7,3101.25,3028.22,3067.17,2075371
2021-07-30,3067.17,3101.25,3047.7,3047.7,1070344
2021-08-02,3076.91,3159.67,3076.91,3130.46,1056377
2021-08-03,3091.51,3154.81,3033.09,3086.65,1467487
2021-08-04,3067.17,3110.99,2994.14,2999.01,1333771
2021-08-05,2940.59,3028.22,2940.59,2979.54,677515
2021-08-06,2984.41,3033.09,2979.54,2999.01,669607
2021-08-10,3042.83,3062.3,2979.54,2984.41,798188
2021-08-11,2979.54,3047.7,2884.12,3003.88,2671342
2021-08-12,3096.38,3218.1,3096.38,3208.36,2499832
2021-08-13,3208.36,3291.12,3203.49,3281.39,1686855
2021-08-16,3252.18,3252.18,3164.54,3193.75,1105057
2021-08-17,3169.41,3179.15,3081.78,3091.51,1252946
2021-08-18,3120.73,3140.2,3057.44,3067.17,944125
2021-08-19,2969.8,2984.41,2814.01,2825.69,3604375
2021-08-20,2758.51,2781.88,2656.27,2665.03,3421363
2021-08-23,2688.4,2753.64,2688.4,2700.09,1079176
2021-08-24,2407.97,2443.03,2350.53,2440.11,8640189
2021-08-25,2482.95,2536.5,2460.55,2487.82,3956022
2021-08-26,2473.21,2481.98,2401.16,2427.45,2810912
2021-08-27,2417.71,2429.4,2363.18,2381.68,1670834
2021-08-30,2386.55,2437.18,2386.55,2417.71,1683774
2021-08-31,2395.32,2404.08,2356.37,2382.66,1808966
2021-09-01,2389.47,2434.26,2371.95,2402.13,3343003
2021-09-02,2398.24,2432.32,2380.71,2384.6,2689109
2021-09-03,2400.18,2487.82,2384.6,2452.76,4314138
2021-09-06,2503.4,2505.34,2434.26,2475.16,8614720
2021-09-07,2483.92,2526.77,2473.21,2502.42,10969436
2021-09-08,2491.71,2589.08,2474.19,2547.21,5366510
2021-09-09,2551.11,2618.29,2542.35,2573.5,7181021
2021-09-10,2594.93,2611.48,2561.82,2562.79,3456281
2021-09-13,2555.98,2606.61,2544.29,2564.74,7370401
2021-09-14,2582.27,2774.09,2570.58,2723.45,20055345
2021-09-15,2756.56,2756.56,2622.19,2664.06,6245009
2021-09-16,2662.11,2723.45,2652.37,2696.19,3670412
2021-09-17,2727.35,2729.3,2632.9,2664.06,4576538
2021-09-21,2566.69,2674.77,2551.11,2649.45,4465416
2021-09-22,2641.66,2662.11,2582.27,2590.06,2879002
2021-09-24,2677.69,2705.93,2640.69,2671.85,3525707
2021-09-27,2682.56,2712.74,2610.5,2614.4,2950790
2021-09-28,2635.82,2656.27,2588.11,2627.06,2241335
2021-09-29,2675.74,2740.98,2625.11,2665.03,5100926
2021-09-30,2672.82,2684.51,2623.16,2663.08,3243178
2021-10-01,2626.08,2662.11,2566.69,2586.16,3053490
2021-10-04,2629,2629,2527.74,2539.42,2879207
2021-10-05,2504.37,2518,2403.11,2474.19,4011891
2021-10-06,2502.42,2569.61,2453.74,2484.9,3302641
2021-10-07,2481.98,2549.16,2455.69,2529.69,2910428
2021-10-08,2550.13,2561.82,2513.13,2541.37,2104024
2021-10-11,2535.53,2612.45,2528.71,2612.45,1977600
2021-10-12,2592,2652.37,2592,2652.37,1938266
2021-10-13,2633.87,2650.43,2584.21,2623.16,1887018
2021-10-14,2621.22,2655.29,2582.27,2651.4,1778258
2021-10-15,2666.98,2710.8,2666.98,2690.35,2284572
2021-10-18,2715.66,2789.67,2708.85,2763.38,2648439
2021-10-19,2751.69,2798.43,2743.9,2777.01,2227470
2021-10-20,2784.8,2865.62,2784.8,2790.64,2566382
2021-10-21,2778.96,2862.69,2776.03,2811.09,1924093
2021-10-22,2775.06,2841.27,2748.77,2804.27,2079479
2021-10-25,2805.25,2876.33,2800.38,2842.25,1930666
2021-10-26,2882.17,2886.06,2835.43,2843.22,1909510
2021-10-27,2861.72,2880.22,2722.48,2805.25,2378645
2021-10-28,2779.93,2821.8,2724.43,2751.69,2098684
2021-10-29,2751.69,2788.69,2740.01,2785.77,1812150
2021-11-01,2824.72,2856.85,2811.09,2844.19,1816566
2021-11-02,2857.83,2857.83,2812.06,2819.85,1519453
2021-11-04,2860.75,2872.43,2830.56,2857.83,1697022
2021-11-05,2850.04,2850.04,2629.98,2667.95,3984572
2021-11-08,2730.27,2754.61,2695.22,2744.88,2119737
2021-11-09,2737.09,2745.85,2699.11,2715.66,1173969
2021-11-10,2692.3,2698.14,2647.51,2656.27,2161639
2021-11-11,2802.32,2871.46,2751.69,2840.3,5373596
2021-11-12,2840.3,2851.98,2750.72,2794.53,2544712
2021-11-15,2769.22,2808.17,2720.53,2749.74,2044355
2021-11-16,2725.4,2736.11,2699.11,2711.77,1469233
2021-11-17,2725.4,2737.09,2667.95,2667.95,1698871
2021-11-18,2630.95,2633.87,2568.64,2600.77,2325446
2021-11-19,2541.37,2583.24,2498.53,2566.69,4093229
2021-11-22,2534.56,2607.58,2532.61,2605.64,2140380
2021-11-24,2622.19,2687.43,2613.43,2647.51,1802188
2021-11-25,2639.72,2663.08,2609.53,2659.19,1083490
2021-11-26,2637.77,2649.45,2573.5,2594.93,1761313
2021-11-29,2512.16,2518.98,2462.5,2469.32,3011588
2021-11-30,2530.66,2538.45,2426.47,2436.21,3362824
2021-12-01,2412.84,2470.29,2407,2415.76,2054009
2021-12-02,2381.68,2394.34,2303.79,2325.21,2860721
2021-12-03,2332.02,2377.79,2315.47,2375.84,1810198
2021-12-06,2360.26,2393.37,2337.87,2364.16,1336955
2021-12-07,2385.58,2496.58,2374.87,2491.71,2451460
2021-12-08,2496.58,2541.37,2476.13,2515.08,1589598
2021-12-09,2498.53,2525.79,2477.11,2509.24,1176536
2021-12-10,2525.79,2535.53,2496.58,2500.48,937244
2021-12-13,2529.69,2532.61,2482.95,2490.74,875316
2021-12-14,2472.24,2482.95,2441.08,2467.37,1010470
2021-12-15,2450.82,2492.69,2444,2468.34,982638
2021-12-16,2505.34,2519.95,2478.08,2486.84,1015091
2021-12-17,2479.05,2510.21,2445.95,2466.4,1160823
2021-12-20,2411.87,2412.84,2331.05,2333.97,2062841
2021-12-21,2363.18,2385.58,2340.79,2381.68,1173353
2021-12-22,2388.5,2393.37,2355.39,2376.82,1040150
2021-12-23,2388.5,2438.16,2388.5,2436.21,960352
2021-12-24,2446.92,2450.82,2402.13,2418.68,1134840
2021-12-27,2414.79,2429.4,2371.95,2388.5,1009751
2021-12-28,2412.84,2428.42,2391.42,2407,1778464
2021-12-29,2411,2459,2411,2417,1236600
2021-12-30,2368,2427,2361,2415,1201300
2022-01-04,2439,2451,2417,2440,1233500
2022-01-05,2478,2517,2456,2514,1429800
2022-01-06,2514,2544,2503,2509,1595500
2022-01-07,2539,2604,2522,2588,2259400
2022-01-11,2574,2616,2568,2582,1480900
2022-01-12,2613,2683,2602,2652,1558200
2022-01-13,2670,2724,2662,2689,1657100
2022-01-14,2681,2692,2590,2607,2349900
2022-01-17,2631,2644,2587,2593,976200
2022-01-18,2591,2610,2501,2515,2134800
2022-01-19,2470,2510,2442,2461,1810900
2022-01-20,2455,2489,2422,2458,1390500
2022-01-21,2388,2390,2318,2366,2833300
2022-01-24,2350,2384,2329,2384,1356300
2022-01-25,2363,2364,2290,2318,1735500
2022-01-26,2346,2349,2298,2334,1128000
2022-01-27,2355,2373,2224,2238,1818300
2022-01-28,2288,2337,2265,2337,1702500
2022-01-31,2308,2373,2307,2369,1150900
2022-02-01,2400,2445,2373,2379,1351300
2022-02-02,2398,2471,2394,2450,1149500
2022-02-03,2420,2475,2415,2435,1054900
2022-02-04,2434,2466,2416,2420,1454500
2022-02-07,2379,2388,2328,2383,1642500
2022-02-08,2399,2435,2384,2415,1369100
2022-02-09,2430,2478,2425,2464,1634900
2022-02-10,2500,2512,2430,2470,2097100
2022-02-14,2426,2461,2212,2298,4755100
2022-02-15,2347,2390,2268,2270,2848700
2022-02-16,2317,2329,2282,2309,1445500
2022-02-17,2315,2346,2295,2327,1240200
2022-02-18,2285,2344,2266,2333,1459000
2022-02-21,2299,2300,2217,2239,1940500
2022-02-22,2177,2194,2151,2179,1685200
2022-02-24,2156,2169,2053,2068,2904800
2022-02-25,2070,2087,2043,2077,2661200
2022-02-28,2103,2123,2080,2105,2060500
2022-03-01,2140,2159,2103,2105,1463300
2022-03-02,2109,2168,2108,2126,2557400
2022-03-03,2143,2162,2112,2150,1880800
2022-03-04,2139,2147,2048,2058,2482000
2022-03-07,2046,2064,1960,2000,2657100
2022-03-08,1951,1965,1868,1869,3357900
2022-03-09,1870,1902,1807,1807,2782700
2022-03-10,1924,2002,1905,1995,4182400
2022-03-11,1973,2018,1966,2015,2112100
2022-03-14,2034,2120,2034,2107,3238700
2022-03-15,2127,2210,2123,2187,3388800
2022-03-16,2221,2229,2178,2178,2431900
2022-03-17,2230,2283,2200,2277,2893900
2022-03-18,2288,2343,2282,2314,3378700
2022-03-22,2342,2383,2334,2364,2148800
2022-03-23,2385,2391,2356,2371,1854400
2022-03-24,2350,2383,2322,2378,1680100
2022-03-25,2420,2483,2414,2440,2515400
2022-03-28,2452,2467,2354,2414,1887400
2022-03-29,2420,2478,2411,2464,1753500
2022-03-30,2473,2487,2433,2479,2268900
2022-03-31,2431,2485,2427,2430,1824800
2022-04-01,2385,2412,2370,2370,2193200
2022-04-04,2375,2383,2332,2379,1200100
2022-04-05,2407,2417,2345,2361,1132600
2022-04-06,2331,2338,2293,2316,1475700
2022-04-07,2305,2305,2254,2278,1666900
2022-04-08,2305,2332,2286,2317,1597900
2022-04-11,2340,2368,2335,2350,1194200
2022-04-12,2327,2345,2311,2335,1304900
2022-04-13,2339,2354,2315,2349,1532200
2022-04-14,2373,2418,2363,2405,1717100
2022-04-15,2398,2407,2368,2373,1249900
2022-04-18,2350,2364,2325,2353,1309300
2022-04-19,2401,2410,2363,2389,1392200
2022-04-20,2431,2439,2383,2409,1633400
2022-04-21,2409,2455,2404,2438,1143400
2022-04-22,2412,2440,2400,2432,1354700
2022-04-25,2387,2440,2386,2428,1872900
2022-04-26,2421,2446,2393,2414,1534600
2022-04-27,2387,2432,2345,2427,2399000
2022-04-28,2446,2527,2436,2527,2454600
2022-05-02,2494,2514,2458,2504,1654400
2022-05-06,2512,2591,2496,2574,1853200
2022-05-09,2536,2538,2447,2466,2562100
2022-05-10,2440,2470,2413,2464,1784800
2022-05-11,2400,2412,2361,2391,1871600
2022-05-12,2342,2367,2280,2352,2252200
2022-05-13,2347,2393,2337,2366,1170600
2022-05-16,2412,2432,2330,2340,1467300
2022-05-17,2340,2409,2339,2408,1656700
2022-05-18,2472,2495,2439,2455,2145500
2022-05-19,2390,2410,2365,2394,1500700
2022-05-20,2398,2418,2381,2415,938400
2022-05-23,2449,2452,2388,2394,913400
2022-05-24,2389,2398,2317,2317,1405500
2022-05-25,2308,2313,2262,2296,1483900
2022-05-26,2301,2348,2300,2307,1422100
2022-05-27,2366,2392,2345,2392,2212500
2022-05-30,2436,2512,2429,2506,3330900
2022-05-31,2493,2512,2474,2490,1816100
2022-06-01,2493,2544,2493,2544,1065200
2022-06-02,2538,2574,2522,2570,1224100
2022-06-03,2615,2666,2608,2655,2313600
2022-06-06,2614,2619,2585,2604,1991000
2022-06-07,2626,2662,2625,2632,1209600
2022-06-08,2650,2663,2627,2643,1052900
2022-06-09,2658,2695,2640,2679,1650200
2022-06-10,2666,2666,2631,2643,1020700
2022-06-13,2575,2602,2565,2595,1264600
2022-06-14,2530,2607,2530,2603,1127800
2022-06-15,2590,2620,2574,2577,966500
2022-06-16,2607,2628,2570,2575,1004200
2022-06-17,2475,2478,2393,2413,3714800
2022-06-20,2412,2433,2317,2319,1677200
2022-06-21,2377,2478,2377,2471,2452300
2022-06-22,2516,2520,2458,2464,1354900
2022-06-23,2464,2496,2406,2416,1419200
2022-06-24,2395,2399,2346,2390,1693100
2022-06-27,2461,2488,2425,2447,1771100
2022-06-28,2465,2478,2433,2464,877400
2022-06-29,2417,2428,2369,2379,2001900
2022-06-30,2329,2330,2290,2306,2129400
2022-07-01,2300,2301,2186,2201,2597000
2022-07-04,2233,2248,2187,2228,1898000
2022-07-05,2258,2277,2225,2250,1225500
2022-07-06,2164,2201,2154,2179,1417300
2022-07-07,2179,2205,2136,2201,1534100
2022-07-08,2225,2274,2212,2222,1615600
2022-07-11,2249,2267,2237,2253,1139200
2022-07-12,2205,2211,2154,2154,2036800
2022-07-13,2147,2160,2122,2133,1231500
2022-07-14,2100,2138,2091,2138,1342000
2022-07-15,2120,2148,2092,2126,1503700
2022-07-19,2157,2157,2108,2139,1677500
2022-07-20,2210,2244,2197,2229,2458900
2022-07-21,2214,2243,2211,2218,1023400
2022-07-22,2209,2231,2200,2223,941100
2022-07-25,2195,2215,2185,2190,1096000
2022-07-26,2219,2227,2202,2210,888300
2022-07-27,2199,2220,2179,2217,898900
2022-07-28,2231,2231,2195,2208,2513500
2022-07-29,2227,2232,2204,2216,1064500
2022-08-01,2259,2265,2230,2247,1392800
2022-08-02,2229,2240,2215,2226,1078800
2022-08-03,2238,2238,2190,2228,936700
2022-08-04,2284,2285,2204,2242,2001300
2022-08-05,2241,2262,2182,2262,2356200
2022-08-08,2252,2270,2225,2251,1341000
2022-08-09,2245,2249,2180,2200,2029000
2022-08-10,2207,2252,2204,2232,1187800
2022-08-12,2288,2305,2257,2260,1466800
2022-08-15,2261,2272,2240,2271,1000600
2022-08-16,2280,2280,2253,2256,737200
2022-08-17,2269,2298,2261,2284,982800
2022-08-18,2262,2266,2227,2241,1263200
2022-08-19,2227,2236,2210,2216,1637600
2022-08-22,2180,2200,2153,2198,1580600
2022-08-23,2151,2184,2140,2184,1130800
2022-08-24,2214,2232,2195,2213,1358000
2022-08-25,2224,2224,2197,2201,942500
2022-08-26,2222,2223,2196,2206,867200
2022-08-29,2156,2183,2146,2176,1077900
2022-08-30,2194,2211,2176,2193,2301700
2022-08-31,2160,2171,2146,2155,1434600
2022-09-01,2130,2147,2121,2130,1613700
2022-09-02,2146,2177,2123,2141,1500600
2022-09-05,2140,2154,2101,2101,2029900
2022-09-06,2116,2127,2079,2122,2645000
2022-09-07,2115,2122,2071,2090,1678900
2022-09-08,2127,2179,2125,2168,2601100
2022-09-09,2184,2191,2162,2186,1364100
2022-09-12,2200,2203,2170,2179,1008500
2022-09-13,2189,2202,2174,2193,839800
2022-09-14,2136,2167,2125,2144,1472000
2022-09-15,2139,2153,2108,2117,1599100
2022-09-16,2096,2113,2077,2078,1673500
2022-09-20,2117,2175,2111,2169,2085700
2022-09-21,2169,2233,2160,2186,2573500
2022-09-22,2182,2223,2166,2186,2048600
2022-09-26,2146,2151,2056,2063,2567500
2022-09-27,2070,2099,2059,2065,1468000
2022-09-28,2070,2102,2035,2058,1864500
2022-09-29,2103,2133,2075,2087,1587500
2022-09-30,2088,2098,2037,2054,1457600
2022-10-03,2035,2062,2007,2061,1513000
2022-10-04,2109,2137,2095,2137,1992300
2022-10-05,2177,2187,2149,2157,1766100
2022-10-06,2156,2204,2151,2194,1677700
2022-10-07,2152,2189,2139,2180,1446400
2022-10-11,2161,2182,2142,2145,1659900
2022-10-12,2139,2152,2106,2107,2154500
2022-10-13,2106,2143,2103,2130,1423500
2022-10-14,2175,2192,2143,2171,1899800
2022-10-17,2142,2154,2113,2123,1474500
2022-10-18,2159,2162,2117,2145,1190500
2022-10-19,2139,2169,2128,2156,1048600
2022-10-20,2133,2154,2114,2122,1064200
2022-10-21,2110,2120,2095,2100,1194300
2022-10-24,2146,2185,2134,2148,1428500
2022-10-25,2181,2193,2162,2178,1080100
2022-10-26,2173,2196,2169,2171,1059000
2022-10-27,2170,2173,2127,2143,1042500
2022-10-28,2132,2146,2115,2123,2660800
2022-10-31,2165,2185,2158,2172,1318100
2022-11-01,2207,2210,2171,2189,1045900
2022-11-02,2187,2217,2183,2209,1300500
2022-11-04,2197,2211,2175,2191,1654700
2022-11-07,2164,2188,2132,2175,2566600
2022-11-08,2112,2177,2062,2170,3840100
2022-11-09,2180,2195,2136,2194,1964300
2022-11-10,2163,2184,2152,2154,1171100
2022-11-11,2202,2217,2168,2189,1457800
2022-11-14,2211,2225,2185,2189,1192000
2022-11-15,2214,2258,2189,2250,1553400
2022-11-16,2253,2253,2217,2229,1461800
2022-11-17,2215,2245,2201,2242,1056800
2022-11-18,2268,2277,2242,2247,1318300
2022-11-21,2208,2215,2152,2179,2912400
2022-11-22,2190,2197,2173,2193,1352500
2022-11-24,2222,2275,2216,2265,2327100
2022-11-25,2271,2279,2250,2258,1145400
2022-11-28,2249,2252,2183,2200,2937000
2022-11-29,2188,2202,2173,2192,1269700
2022-11-30,2197,2203,2179,2188,1519400
2022-12-01,2224,2246,2208,2225,1620700
2022-12-02,2206,2206,2165,2177,1635300
2022-12-05,2199,2219,2191,2202,1291000
2022-12-06,2190,2209,2183,2204,946200
2022-12-07,2189,2215,2185,2211,959700
2022-12-08,2188,2195,2165,2176,1276500
2022-12-09,2190,2218,2188,2204,1438400
2022-12-12,2211,2233,2201,2221,1304000
2022-12-13,2240,2245,2211,2220,911300
2022-12-14,2230,2253,2217,2253,1308000
2022-12-15,2231,2276,2224,2259,1086700
2022-12-16,2231,2239,2204,2207,1763300
2022-12-19,2185,2196,2168,2168,1420500
2022-12-20,2171,2184,2108,2131,1497300
2022-12-21,2132,2138,2094,2108,1657300
2022-12-22,2135,2140,2110,2111,953400
2022-12-23,2080,2101,2067,2092,828300
2022-12-26,2095,2103,2084,2102,1019800
2022-12-27,2132,2136,2099,2105,838000
2022-12-28,2100,2115,2096,2115,1538800
2022-12-29,2046,2049,2008,2016,1759500
2022-12-30,2019,2043,2017,2020,1299400
2023-01-04,1997,2017,1975,2009,1335800
2023-01-05,2021,2040,2012,2030,1133700
2023-01-06,2025,2058,2024,2043,852900
2023-01-10,2076,2095,2065,2094,1061700
2023-01-11,2109,2139,2103,2120,1380900
2023-01-12,2125,2138,2117,2120,839300
2023-01-13,2110,2126,2099,2115,964400
2023-01-16,2093,2098,2019,2031,2308500
2023-01-17,2062,2116,2051,2095,1844300
2023-01-18,2090,2129,2059,2116,1550400
2023-01-19,2100,2122,2087,2089,781100
2023-01-20,2083,2098,2069,2096,825400
2023-01-23,2149,2171,2125,2164,1934400
2023-01-24,2188,2239,2183,2210,1957800
2023-01-25,2215,2229,2197,2225,923100
2023-01-26,2232,2252,2217,2225,1400100
2023-01-27,2233,2233,2204,2214,1570300
2023-01-30,2212,2213,2182,2201,902700
2023-01-31,2201,2208,2181,2205,902000
2023-02-01,2238,2244,2206,2210,1264500
2023-02-02,2206,2209,2168,2186,1030000
2023-02-03,2170,2181,2153,2176,977000
2023-02-06,2207,2218,2179,2182,1099600
2023-02-07,2195,2218,2183,2204,1161800
2023-02-08,2210,2222,2201,2206,815700
2023-02-09,2193,2229,2179,2228,807800
2023-02-10,2222,2249,2216,2244,1191900
2023-02-13,2246,2248,2218,2237,925400
2023-02-14,2247,2273,2244,2273,1674000
2023-02-15,2173,2235,2168,2196,2972500
2023-02-16,2220,2234,2197,2230,1244500
2023-02-17,2227,2310,2223,2296,1985700
2023-02-20,2308,2319,2277,2309,1341500
2023-02-21,2320,2355,2311,2344,1524500
2023-02-22,2335,2342,2273,2283,1475800
2023-02-24,2310,2310,2275,2285,1126700
2023-02-27,2284,2291,2275,2281,1009700
2023-02-28,2265,2275,2230,2237,1880300
2023-03-01,2216,2282,2211,2273,1267400
2023-03-02,2299,2299,2254,2260,1320900
2023-03-03,2262,2279,2257,2270,1035900
2023-03-06,2297,2325,2286,2301,1548300
2023-03-07,2289,2316,2286,2301,1034900
2023-03-08,2285,2292,2255,2265,1337100
2023-03-09,2288,2290,2261,2267,1020500
2023-03-10,2230,2256,2230,2246,1372200
2023-03-13,2211,2219,2174,2219,1911500
2023-03-14,2175,2178,2076,2101,2397500
2023-03-15,2129,2142,2103,2118,1478900
2023-03-16,2043,2079,2021,2075,1877800
2023-03-17,2090,2103,2050,2076,1644100
2023-03-20,2056,2086,2045,2051,1672500
2023-03-22,2092,2094,2061,2084,965900
2023-03-23,2052,2100,2046,2100,934600
2023-03-24,2082,2089,2061,2070,1276000
2023-03-27,2090,2090,2060,2087,850300
2023-03-28,2095,2102,2078,2100,937400
2023-03-29,2122,2138,2114,2130,1077900
2023-03-30,2143,2149,2134,2146,691400
2023-03-31,2163,2192,2154,2176,1316000
2023-04-03,2226,2226,2202,2215,1255900
2023-04-04,2222,2224,2199,2214,873900
2023-04-05,2193,2194,2161,2171,1274200
2023-04-06,2149,2152,2123,2141,1494100
2023-04-07,2141,2173,2137,2168,943400
2023-04-10,2175,2184,2157,2161,605600
2023-04-11,2180,2195,2157,2192,1162000
2023-04-12,2188,2203,2179,2200,1187000
2023-04-13,2185,2205,2182,2198,822100
2023-04-14,2220,2223,2211,2214,1064000
2023-04-17,2221,2227,2214,2225,864300
2023-04-18,2229,2269,2221,2235,1106100
2023-04-19,2222,2226,2201,2214,1168300
2023-04-20,2202,2214,2197,2200,711200
2023-04-21,2183,2191,2154,2167,1247300
2023-04-24,2160,2164,2134,2155,911400
2023-04-25,2166,2171,2141,2141,1374200
2023-04-26,2112,2116,2081,2093,1761600
2023-04-27,2090,2108,2078,2104,802700
2023-04-28,2130,2144,2113,2139,1280800
2023-05-01,2166,2172,2149,2161,638900
2023-05-02,2157,2171,2150,2164,553700
2023-05-08,2169,2176,2133,2144,1191400
2023-05-09,2145,2164,2129,2160,1105600
2023-05-10,2152,2178,2146,2168,1117100
2023-05-11,2150,2200,2147,2184,1485900
2023-05-12,2200,2200,2161,2175,1248700
2023-05-15,2187,2211,2165,2182,1218600
2023-05-16,2132,2150,2042,2091,4943000
2023-05-17,2089,2095,2057,2068,1787900
2023-05-18,2090,2103,2076,2094,1642900
2023-05-19,2121,2128,2097,2123,1157100
2023-05-22,2135,2138,2099,2123,930100
2023-05-23,2135,2145,2108,2119,1143200
2023-05-24,2128,2137,2108,2114,812900
2023-05-25,2118,2189,2113,2185,1833400
2023-05-26,2203,2272,2197,2249,2992000
2023-05-29,2307,2360,2257,2269,2598900
2023-05-30,2254,2265,2212,2242,1433400
2023-05-31,2210,2210,2131,2133,2922700
2023-06-01,2123,2140,2106,2123,1223000
2023-06-02,2128,2139,2113,2129,1214700
2023-06-05,2200.5,2266.5,2187.5,2245,3574200
2023-06-06,2227.5,2236.5,2190,2236.5,1250900
2023-06-07,2253.5,2270,2219,2219,1242200
2023-06-08,2252,2268,2198.5,2227,1525500
2023-06-09,2230.5,2240.5,2218,2238.5,1090400
2023-06-12,2250,2259.5,2220.5,2228.5,942100
2023-06-13,2239,2247.5,2221.5,2230,1378000
2023-06-14,2255,2293,2252.5,2267,1609500
2023-06-15,2277,2280.5,2258,2271,987200
2023-06-16,2351,2405.5,2301,2310,3959200
2023-06-19,2326,2328,2251.5,2276,1540100
2023-06-20,2274,2295.5,2265,2281,906300
2023-06-21,2253,2283,2239,2279.5,1181000
2023-06-22,2279,2286,2253.5,2258,994800
2023-06-23,2258,2267,2201,2229,1193300
2023-06-26,2273.5,2355.5,2273,2287,2871600
2023-06-27,2309,2326,2253,2278.5,1323900
2023-06-28,2309.5,2353,2300.5,2335,1432600
2023-06-29,2350,2377,2335,2354,1403800
2023-06-30,2351,2360,2296,2326,1742300
2023-07-03,2360,2418,2355,2398.5,2137000
2023-07-04,2400,2415.5,2377,2387,1625400
2023-07-05,2395,2403,2377,2384,1133600
2023-07-06,2365,2368,2323,2334.5,1290900
2023-07-07,2314,2314,2281,2285.5,1091700
2023-07-10,2325,2343.5,2295,2313,1311000
2023-07-11,2331,2338.5,2299.5,2308,941800
2023-07-12,2317,2317,2259.5,2289.5,1139400
2023-07-13,2314,2332,2298.5,2304.5,1139600
2023-07-14,2304,2322.5,2270.5,2272,1437600
2023-07-18,2261.5,2267,2236.5,2265.5,1133200
2023-07-19,2306.5,2316.5,2287.5,2304.5,1164400
2023-07-20,2304.5,2326.5,2298.5,2303,1028400
2023-07-21,2299.5,2303.5,2271,2298,772200
2023-07-24,2309.5,2330,2303,2314,819800
2023-07-25,2314.5,2334.5,2310,2333.5,855000
2023-07-26,2341,2350,2306,2326.5,692200
2023-07-27,2315,2320,2281.5,2303.5,1179100
2023-07-28,2284.5,2299.5,2242.5,2293.5,1755900
2023-07-31,2320,2324.5,2302.5,2324.5,1389100
2023-08-01,2324.5,2334,2300,2322.5,1107000
2023-08-02,2295,2336.5,2289,2310.5,1016000
2023-08-03,2267.5,2276,2191.5,2192.5,2571400
2023-08-04,2197,2199.5,2155.5,2166.5,1637800
2023-08-07,2160,2160,2105,2124,2506700
2023-08-08,2132.5,2145.5,2106.5,2127,1497700
2023-08-09,2255,2322,2216.5,2296,4654800
2023-08-10,2308,2339,2289.5,2334.5,2206000
2023-08-14,2340,2371.5,2325,2341,1235300
2023-08-15,2341,2355.5,2295,2310,1327400
2023-08-16,2260,2273,2250.5,2262.5,1208800
2023-08-17,2251,2265,2179,2241.5,1696400
2023-08-18,2217.5,2243,2202,2230,809000
2023-08-21,2234,2257,2229,2242,682400
2023-08-22,2253.5,2280,2245,2279,794000
2023-08-23,2273.5,2320,2267,2318.5,938400
2023-08-24,2308,2349,2304.5,2338,1023900
2023-08-25,2315,2315,2289,2310,1175000
2023-08-28,2318,2336,2298,2322,933100
2023-08-29,2345,2377,2337,2352.5,1581800
2023-08-30,2363.5,2370,2343,2357.5,848800
2023-08-31,2342,2376.5,2338,2371,989500
2023-09-01,2373.5,2414.5,2363.5,2412,1276100
2023-09-04,2430,2488.5,2418.5,2477.5,1693200
2023-09-05,2491.5,2519.5,2475,2518,1475700
2023-09-06,2520,2537.5,2493,2528,1194100
2023-09-07,2550,2585.5,2507,2519,1812500
2023-09-08,2529,2574.5,2460.5,2478.5,1425500
2023-09-11,2504,2549,2494,2505.5,978400
2023-09-12,2530,2565,2529.5,2535.5,1301900
2023-09-13,2540,2544,2490,2501,1300100
2023-09-14,2505,2545.5,2505,2524,1189100
2023-09-15,2548,2555,2477.5,2498,1876400
2023-09-19,2548,2585,2514.5,2548.5,2455600
2023-09-20,2543.5,2544,2500.5,2516.5,1634700
2023-09-21,2517,2531,2454.5,2464.5,1748000
2023-09-22,2444,2444,2390.5,2420.5,1938200
2023-09-25,2420.5,2449.5,2407,2443,817000
2023-09-26,2454,2468.5,2438,2439.5,942800
2023-09-27,2455.5,2467.5,2404,2467.5,1229600
2023-09-28,2467,2473,2411,2445.5,1061700
2023-09-29,2482.5,2546.5,2477.5,2505,2876500
2023-10-02,2550,2670,2550,2564,3783800
2023-10-03,2550,2550,2476,2492.5,2336800
2023-10-04,2442.5,2454.5,2379,2389.5,3451200
2023-10-05,2401.5,2440,2383,2431.5,1665500
2023-10-06,2425,2433,2399.5,2422.5,1314300
2023-10-10,2465,2485.5,2441,2482,1293400
2023-10-11,2481,2509.5,2465.5,2469,891900
2023-10-12,2501,2571.5,2496.5,2571.5,1696200
2023-10-13,2537.5,2551,2518.5,2526,1020000
2023-10-16,2496,2533,2480,2514.5,1063100
2023-10-17,2520,2561,2510,2527,925300
2023-10-18,2560.5,2565,2510,2510,795700
2023-10-19,2465,2525,2431.5,2520,1216500
2023-10-20,2510,2516.5,2453,2457.5,1683100
2023-10-23,2450.5,2484.5,2415,2439.5,1211200
2023-10-24,2443.5,2459.5,2390.5,2456,1543800
2023-10-25,2487,2489.5,2447.5,2462.5,995000
2023-10-26,2445,2455.5,2387.5,2400,1511100
2023-10-27,2429.5,2467.5,2429.5,2465.5,1053000
2023-10-30,2436,2443,2397,2422.5,1063300
2023-10-31,2411,2433,2393,2422.5,1291400
2023-11-01,2495,2507,2468,2484,1361600
2023-11-02,2500,2504.5,2468,2494.5,1029400
2023-11-06,2536,2559,2524.5,2540,1680300
2023-11-07,2518.5,2519.5,2475.5,2483.5,1062600
2023-11-08,2411.5,2421,2280,2316.5,3484500
2023-11-09,2324,2400,2242,2354,1813900
2023-11-10,2494,2636,2467,2600.5,6112900
2023-11-13,2597,2656,2595,2629.5,2319600
2023-11-14,2665,2676,2592.5,2625.5,1357100
2023-11-15,2650,2676,2617.5,2637.5,1418400
2023-11-16,2676,2698.5,2653.5,2688.5,1672600
2023-11-17,2685.5,2722.5,2667.5,2713.5,1019600
2023-11-20,2713.5,2722,2676.5,2693.5,796000
2023-11-21,2669,2675,2635.5,2652.5,978600
2023-11-22,2636,2688.5,2633.5,2672.5,1022100
2023-11-24,2750,2842,2748.5,2789.5,3313600
2023-11-27,2839.5,2907,2833,2842,3359600
2023-11-28,2819,2863,2793,2805,1603900
2023-11-29,2747.5,2792,2729,2760,1705200
2023-11-30,2761.5,2768.5,2730,2760,1654600
2023-12-01,2732,2754,2711,2745.5,1456100
2023-12-04,2715,2763,2713.5,2750.5,937000
2023-12-05,2735,2753,2715,2720,1096700
2023-12-06,2747.5,2815.5,2734,2813,1446500
2023-12-07,2797,2825,2786,2812,1373900
2023-12-08,2794,2794.5,2744.5,2773,1393400
2023-12-11,2820,2849,2783.5,2791.5,1324700
2023-12-12,2817,2824.5,2790.5,2791.5,809100
2023-12-13,2799.5,2849.5,2796,2833.5,1222100
2023-12-14,2835,2891,2821,2830,1311600
2023-12-15,2853.5,2947,2850.5,2946.5,2555000
2023-12-18,2913.5,2913.5,2837.5,2888,1401600
2023-12-19,2852,2892,2840.5,2889.5,995200
2023-12-20,2900,2925.5,2888.5,2890.5,1289900
2023-12-21,2850,2860.5,2817.5,2845,1082400
2023-12-22,2869.5,2897.5,2832,2838.5,996200
2023-12-25,2888.5,2888.5,2837,2854,504600
2023-12-26,2848.5,2865,2843,2852,536600
2023-12-27,2855,2869.5,2838,2843,1458400
2023-12-28,2768,2817,2753,2788,784400
2023-12-29,2784,2821,2778.5,2810,988400
2024-01-04,2788,2878,2757.5,2857.5,1087500
2024-01-05,2874,2986.5,2874,2978,2537300
2024-01-09,2999,3036,2973,3013,2236100
2024-01-10,2981.5,2994.5,2945.5,2972,1373300
2024-01-11,3010,3010,2935,2945.5,2031600
2024-01-12,2970,2982.5,2901,2911,1746500
2024-01-15,2914,2967,2907,2967,1256000
2024-01-16,2989,3038,2960,2972,1338300
2024-01-17,2991.5,3068,2981.5,3023,2167000
2024-01-18,2985,2997.5,2914.5,2926,2094100
2024-01-19,2998,2998,2937.5,2945,1323700
2024-01-22,2978,3021,2962.5,3021,1073200
2024-01-23,3015,3035,2958,2971.5,1399500
2024-01-24,2964,2968.5,2929,2944.5,1247000
2024-01-25,2937,3024,2931,3017,1633600
2024-01-26,2980,3001,2961,2966.5,1177900
2024-01-29,2967.5,2977.5,2931.5,2962.5,1132100
2024-01-30,2970,2975,2911.5,2916.5,1265900
2024-01-31,2912.5,2966,2909,2963,934600
2024-02-01,2949,2970.5,2915,2927.5,794100
2024-02-02,2958.5,2973.5,2937.5,2954,929300
2024-02-05,2974,2975,2932,2943,779500
2024-02-06,2943,2965.5,2927,2946,904600
2024-02-07,2945,2988.5,2917,2952.5,1067300
2024-02-08,2962,2974,2924,2945,1177500
2024-02-09,2958,2998,2943,2956,870000
2024-02-13,2962.5,2978,2920.5,2972,1575400
2024-02-14,2950,2950,2878.5,2928.5,1943200
2024-02-15,3169,3260,3100,3125,4430700
2024-02-16,3240,3362,3183,3285,5246900
2024-02-19,3299,3327,3249,3260,1526800
2024-02-20,3262,3283,3206,3254,1139900
2024-02-21,3286,3424,3261,3394,3371400
2024-02-22,3604,3626,3523,3554,4001200
2024-02-26,3694,3730,3615,3651,3078100
2024-02-27,3581,3597,3522,3568,2522700
2024-02-28,3610,3675,3610,3629,1884800
2024-02-29,3589,3641,3565,3615,2135100
2024-03-01,3629,3637,3597,3616,1517500
2024-03-04,3700,3726,3595,3600,3117400
2024-03-05,3592,3636,3556,3625,1820300
2024-03-06,3575,3649,3567,3629,1843200
2024-03-07,3634,3647,3450,3477,2254000
2024-03-08,3487,3520,3417,3445,2423800
2024-03-11,3273,3342,3219,3310,2504900
2024-03-12,3270,3368,3201,3368,1868000
2024-03-13,3427,3460,3335,3342,1225000
2024-03-14,3341,3384,3277,3373,1354300
2024-03-15,3364,3440,3353,3392,1854300
2024-03-18,3460,3473,3428,3450,1304400
2024-03-19,3446,3520,3441,3517,1210700
2024-03-21,3600,3619,3558,3601,1360400
2024-03-22,3640,3652,3575,3628,1202600
2024-03-25,3614,3643,3572,3580,1047000
2024-03-26,3579,3592,3520,3544,783600
2024-03-27,3544,3583,3504,3543,1047100
2024-03-28,3517,3564,3475,3506,832100
2024-03-29,3532,3639,3496,3626,1371900
2024-04-01,3600,3600,3385,3390,2545100
2024-04-02,3460,3530,3427,3492,1412500
2024-04-03,3450,3567,3330,3510,1180700
2024-04-04,3610,3642,3563,3584,1461900
2024-04-05,3500,3594,3495,3576,1190700
2024-04-08,3609,3649,3548,3574,1039100
2024-04-09,3562,3628,3541,3621,731700
2024-04-10,3613,3665,3597,3622,778900
2024-04-11,3588,3685,3584,3669,1073300
2024-04-12,3705,3793,3671,3793,1622400
2024-04-15,3745,3771,3702,3748,963500
2024-04-16,3681,3681,3465,3465,2243400
2024-04-17,4000,4000,3798,3880,10178500
2024-04-18,3800,3905,3742,3876,4164400
2024-04-19,3751,3808,3571,3732,4363900
2024-04-22,3662,3766,3651,3735,1961600
2024-04-23,3780,3806,3676,3711,1501200
2024-04-24,3431,3487,3387,3390,8094800
2024-04-25,3320,3421,3299,3334,3030000
2024-04-26,3351,3401,3334,3382,2777400
2024-04-30,3436,3448,3395,3426,3071100
2024-05-01,3392,3463,3377,3448,2086200
2024-05-02,3440,3520,3425,3425,2014900
2024-05-07,3505,3529,3457,3529,1902000
2024-05-08,3520,3542,3463,3484,1897200
2024-05-09,3475,3565,3464,3520,1674900
2024-05-10,3503,3619,3481,3619,1758700
2024-05-13,3618,3655,3577,3635,1813800
2024-05-14,3635,3648,3588,3636,1436900
2024-05-15,3622,3704,3596,3677,2225700
2024-05-16,3861,3950,3547,3711,7437400
2024-05-17,3710,3719,3584,3606,2274500
2024-05-20,3632,3716,3604,3678,2240600
2024-05-21,3748,3767,3639,3647,1992600
2024-05-22,3685,3715,3620,3627,1461800
2024-05-23,3697,3739,3560,3560,2228700
2024-05-24,3525,3557,3430,3441,1931000
2024-05-27,3460,3464,3419,3454,1088400
2024-05-28,3461,3539,3459,3478,1013100
2024-05-29,3515,3559,3462,3465,1449800
2024-05-30,3422,3427,3344,3392,1779600
2024-05-31,3392,3478,3377,3472,1612100
2024-06-03,3472,3487,3419,3428,1171300
2024-06-04,3425,3454,3391,3402,1158400
2024-06-05,3377,3443,3345,3361,1315700
2024-06-06,3415,3450,3363,3412,1179000
2024-06-07,3403,3444,3386,3406,877300
2024-06-10,3404,3459,3396,3449,821800
2024-06-11,3449,3482,3431,3440,1044000
2024-06-12,3425,3433,3337,3345,1490500
2024-06-13,3376,3437,3367,3402,1593700
2024-06-14,3416,3586,3408,3584,2453100
2024-06-17,3550,3552,3430,3450,1729200
2024-06-18,3519,3576,3490,3549,1540100
2024-06-19,3551,3594,3457,3488,1239400
2024-06-20,3500,3504,3445,3486,841300
2024-06-21,3457,3498,3450,3451,1082400
2024-06-24,3454,3479,3390,3403,1528800
2024-06-25,3420,3436,3382,3411,933200
2024-06-26,3474,3529,3439,3524,1566800
2024-06-27,3524,3563,3506,3533,988500
2024-06-28,3551,3615,3522,3522,1323000
2024-07-01,3544,3548,3408,3451,1662100
2024-07-02,3451,3495,3431,3477,1245000
2024-07-03,3470,3528,3464,3486,1074800
2024-07-04,3501,3640,3490,3638,1787800
2024-07-05,3637,3645,3554,3580,1429300
2024-07-08,3577,3634,3495,3547,1705200
2024-07-09,3687,3873,3667,3854,7261600
2024-07-10,3795,3855,3757,3783,2543700
2024-07-11,3854,3880,3781,3870,2129900
2024-07-12,3789,3845,3740,3756,1878100
2024-07-16,3800,3844,3736,3817,1110500
2024-07-17,3904,3954,3862,3922,2293600
2024-07-18,3810,3818,3703,3768,2410800
2024-07-19,3768,3791,3704,3717,1394300
2024-07-22,3767,3787,3706,3715,1678100
2024-07-23,3764,3917,3729,3757,3120400
2024-07-24,3715,3755,3668,3684,1658600
2024-07-25,3617,3640,3513,3517,2016000
2024-07-26,3511,3571,3473,3482,1584200
2024-07-29,3570,3687,3543,3687,1940400
2024-07-30,3671,3685,3608,3675,2549300
2024-07-31,3635,3790,3600,3778,1314200
2024-08-01,3719,3748,3580,3603,1450700
2024-08-02,3401,3431,3231,3233,3786700
2024-08-05,2903,2929.5,2533,2632.5,5786700
2024-08-06,2850,3033,2850,3006,3665500
2024-08-07,2952,3150,2923.5,3077,2559400
2024-08-08,3022,3121,2996.5,3094,3008200
2024-08-09,3465,3510,3154,3222,7436200
2024-08-13,3300,3346,3244,3298,2249600
2024-08-14,3340,3435,3311,3410,1892900
2024-08-15,3399,3456,3381,3430,1325200
2024-08-16,3556,3594,3518,3581,2095000
2024-08-19,3562,3599,3502,3506,1141300
2024-08-20,3576,3592,3519,3559,921400
2024-08-21,3523,3556,3504,3549,604700
2024-08-22,3578,3613,3530,3556,932000
2024-08-23,3550,3580,3503,3564,695600
2024-08-26,3533,3540,3446,3469,981000
2024-08-27,3539,3545,3479,3526,978700
2024-08-28,3510,3520,3465,3517,714800
2024-08-29,3447,3530,3405,3491,948500
2024-08-30,3480,3559,3467,3559,1111200
2024-09-02,3591,3605,3528,3559,983400
2024-09-03,3531,3576,3528,3568,726200
2024-09-04,3368,3425,3360,3389,2343700
2024-09-05,3330,3393,3234,3261,1839400
2024-09-06,3295,3325,3213,3230,1586700
2024-09-09,3090,3160,3057,3157,1689000
2024-09-10,3161,3180,3075,3080,1233800
2024-09-11,3070,3078,2966,3006,1236500
2024-09-12,3112,3143,3061,3120,1149800
2024-09-13,3110,3156,3090,3133,921400
2024-09-17,3170,3177,3040,3111,1208500
2024-09-18,3147,3154,3100,3137,849100
2024-09-19,3230,3313,3218,3285,1666500
2024-09-20,3422,3658,3405,3594,5235700
2024-09-24,3555,3585,3452,3519,2281200
2024-09-25,3535,3554,3507,3521,1075400
2024-09-26,3569,3644,3549,3644,1680600
2024-09-27,3703,3827,3678,3827,2264500
2024-09-30,3687,3746,3643,3680,2030700
2024-10-01,3691,3744,3686,3732,1063600
2024-10-02,3662,3707,3601,3634,1314000
2024-10-03,3734,3739,3698,3732,1206600
2024-10-04,3735,3765,3694,3703,908700
2024-10-07,3843,3863,3804,3828,1795700
2024-10-08,3789,3942,3786,3806,2174800
2024-10-09,3851,3858,3715,3722,1304200
2024-10-10,3749,3765,3713,3741,959400
2024-10-11,3755,3814,3731,3793,1268900
2024-10-15,3839,3877,3827,3855,1628200
2024-10-16,3715,3805,3710,3788,1293900
2024-10-17,3805,3810,3739,3747,874800
2024-10-18,3820,3839,3737,3745,904600
2024-10-21,3742,3788,3693,3700,781900
2024-10-22,3683,3740,3616,3645,1101800
2024-10-23,3620,3650,3598,3604,518200
2024-10-24,3560,3648,3557,3609,723600
2024-10-25,3586,3616,3569,3604,783000
2024-10-28,3561,3640,3548,3634,775200
2024-10-29,3635,3713,3633,3711,837800
2024-10-30,3720,3768,3692,3726,1225000
2024-10-31,3705,3748,3685,3723,785000
2024-11-01,3639,3654,3540,3540,1566700
2024-11-05,3610,3690,3591,3620,845400
2024-11-06,3630,3728,3630,3698,833700
2024-11-07,3733,3794,3688,3787,1179500
2024-11-08,3836,3860,3789,3800,1218900
2024-11-11,3800,3848,3789,3831,968200
2024-11-12,3832,3849,3742,3785,2158900
2024-11-13,3925,4026,3840,3907,4696900
2024-11-14,3901,3905,3842,3842,1351100
2024-11-15,3842,3886,3807,3822,1097900
2024-11-18,3722,3746,3692,3721,1266100
2024-11-19,3720,3758,3632,3702,1159700
2024-11-20,3743,3800,3729,3780,735500
2024-11-21,3810,3821,3765,3801,793800
2024-11-22,3898,3992,3834,3978,1902900
2024-11-25,4000,4100,3942,4099,2522700
2024-11-26,4098,4098,3967,3992,1548800
2024-11-27,4058,4197,4038,4155,3224900
2024-11-28,4098,4222,4075,4142,1904100
2024-11-29,4108,4132,4045,4074,1175500
2024-12-02,4013,4071,3990,4055,982400
2024-12-03,4114,4179,4106,4123,1252900
2024-12-04,4180,4228,4147,4218,1458100
2024-12-05,4242,4257,4160,4197,864900
2024-12-06,4170,4175,4076,4098,719100
2024-12-09,4164,4171,4094,4126,785800
2024-12-10,4056,4092,4007,4057,1055000
2024-12-11,4050,4130,4020,4124,863600
2024-12-12,4181,4216,4152,4155,995100
2024-12-13,4085,4103,4053,4079,976400
2024-12-16,4085,4190,4085,4148,883400
2024-12-17,4158,4191,4093,4103,680800
2024-12-18,4075,4140,4072,4082,533800
2024-12-19,4026,4112,4006,4090,859200
2024-12-20,4128,4128,4036,4075,773000
2024-12-23,4062,4118,4050,4114,786900
2024-12-24,4127,4137,4033,4059,735400
2024-12-25,4072,4094,4042,4086,500900
2024-12-26,4065,4099,4051,4099,837500
2024-12-27,4069,4085,4027,4050,940600
2024-12-30,4022,4066,3994,4015,901300
2025-01-06,4045,4069,3985,4023,921300
2025-01-07,4055,4179,4049,4136,1259100
2025-01-08,4101,4162,4075,4154,851700
2025-01-09,4177,4177,4074,4092,733300
2025-01-10,4074,4089,4017,4038,676100
2025-01-14,4023,4028,3921,3950,1027000
2025-01-15,3950,3980,3868,3896,683600
2025-01-16,3949,3971,3899,3913,812600
2025-01-17,3880,3932,3864,3898,630400
2025-01-20,3947,4040,3941,3957,843600
2025-01-21,3971,3994,3937,3985,726300
2025-01-22,4004,4076,3987,4045,960200
2025-01-23,4078,4084,4022,4059,647100
2025-01-24,4066,4144,4061,4073,869500
2025-01-27,4095,4099,3897,3915,1425500
2025-01-28,3720,3776,3671,3694,2466300
2025-01-29,3720,3825,3699,3818,1515100
2025-01-30,3803,3817,3739,3760,1249000
2025-01-31,3784,3814,3762,3799,1302300
2025-02-03,3650,3724,3650,3706,1535000
2025-02-04,3750,3783,3690,3717,895900
2025-02-05,3720,3732,3658,3685,834100
2025-02-06,3740,3783,3716,3773,995700
2025-02-07,3762,3793,3730,3779,684000
2025-02-10,3755,3789,3732,3768,816500
2025-02-12,3768,3783,3721,3756,1022000
2025-02-13,3863,3928,3798,3870,2097300
2025-02-14,3660,3714,3543,3681,4752100
2025-02-17,3697,3806,3651,3802,1793200
2025-02-18,3817,3818,3700,3704,1469500
2025-02-19,3699,3799,3556,3594,2241800
2025-02-20,3569,3580,3451,3513,2519500
2025-02-21,3478,3569,3471,3527,952900
2025-02-25,3450,3505,3450,3471,906600
2025-02-26,3468,3475,3394,3436,1178400
2025-02-27,3510,3577,3493,3567,1000400
2025-02-28,3542,3558,3457,3465,1169600
2025-03-03,3469,3506,3449,3471,889700
2025-03-04,3445,3468,3401,3440,818600
2025-03-05,3440,3489,3421,3478,587700
2025-03-06,3582,3647,3575,3625,1461100
2025-03-07,3545,3566,3504,3544,922900
2025-03-10,3552,3561,3523,3540,565800
2025-03-11,3434,3510,3414,3499,1115200
2025-03-12,3496,3560,3479,3531,1016600
2025-03-13,3590,3619,3495,3510,874600
2025-03-14,3470,3527,3461,3511,949400
2025-03-17,3545,3555,3477,3522,765800
2025-03-18,3521,3542,3496,3507,1055000
2025-03-19,3496,3534,3496,3516,775100
2025-03-21,3510,3544,3469,3469,988200
2025-03-24,3460,3467,3435,3445,654900
2025-03-25,3460,3471,3402,3413,917100
2025-03-26,3430,3443,3398,3418,1010700
2025-03-27,3308,3365,3231,3261,2391100
2025-03-28,3115,3178,3106,3115,3596100
2025-03-31,3069,3077,2964,2966,3388100
2025-04-01,3070,3073,3004,3023,1946600
2025-04-02,3030,3079,2985,3050,1712500
2025-04-03,2910,2956.5,2836,2860,2009100
2025-04-04,2710,2710,2533,2607,4083100
2025-04-07,2393.5,2407.5,2235,2250,3543700
2025-04-08,2376.5,2454.5,2366,2426.5,1979900
2025-04-09,2350,2382,2282,2370,2351200
2025-04-10,2720,2720,2567,2633,3263200
2025-04-11,2537,2605,2509,2587.5,1751100
2025-04-14,2672,2703.5,2597,2597,1203400
2025-04-15,2579.5,2588.5,2540,2540,1248100
2025-04-16,2520.5,2544.5,2437,2460,2495300
2025-04-17,2466.5,2543,2465,2543,1376100
2025-04-18,2536,2543,2510,2536,921900
2025-04-21,2522,2523.5,2427,2450,1368200
2025-04-22,2411.5,2442,2405,2417.5,1190800
2025-04-23,2461.5,2475,2428,2450,1303700
2025-04-24,2520,2545,2499.5,2518,1240400
2025-04-25,2589,2613.5,2570.5,2587.5,1077400
2025-04-28,2620,2625,2565.5,2577,988000
2025-04-30,2579,2608.5,2565,2596.5,1104700
2025-05-01,2620,2672,2614,2663.5,1108600
2025-05-02,2656,2684.5,2643,2671.5,1098400
2025-05-07,2671.5,2683,2616,2616,1086300
2025-05-08,2627,2649,2616.5,2648.5,863800
2025-05-09,2718,2729,2697.5,2713.5,1080300
2025-05-12,2730,2809,2728,2806,1280300
2025-05-13,2906,2925,2843.5,2889,1951000
2025-05-14,2905,2932.5,2867,2922,1337300
2025-05-15,2899.5,2950,2890.5,2930.5,2087600
2025-05-16,2920,2946,2841,2899.5,3164600
2025-05-19,2966.5,2998.5,2900.5,2937.5,2592600
2025-05-20,2975,2980,2903,2933,2496500
2025-05-21,2930.5,2947.5,2894,2918,1258400
2025-05-22,2900,2907.5,2857.5,2875.5,1203500
2025-05-23,2880.5,2921,2869.5,2908.5,1068300
2025-05-26,2889.5,2920,2885.5,2900,598000
2025-05-27,2917.5,2951,2900,2950,947600
2025-05-28,2986,3045,2980,3043,1849000
2025-05-29,3080,3180,3067,3178,2904800
2025-05-30,3133,3199,3130,3181,1811600
2025-06-02,3118,3137,3059,3073,1199700
2025-06-03,3073,3117,3045,3045,1002900
2025-06-04,3104,3113,3063,3065,650600
2025-06-05,3050,3180,3041,3171,1418700
2025-06-06,3223,3234,3163,3163,1428100
2025-06-09,3210,3228,3178,3204,661800
2025-06-10,3220,3276,3205,3230,1566900
2025-06-11,3220,3234,3176,3200,1037700
2025-06-12,3169,3199,3129,3139,972900
2025-06-13,3153,3170,3074,3104,1127000
2025-06-16,3112,3127,3089,3092,863900
2025-06-17,3095,3143,3088,3128,783600
2025-06-18,3101,3139,3100,3134,662700
2025-06-19,3125,3139,3078,3095,545200
2025-06-20,3073,3127,3073,3098,909000
2025-06-23,3054,3085,3037,3073,864800
2025-06-24,3101,3120,3080,3087,560700
2025-06-25,3100,3132,3072,3120,482700
2025-06-26,3139,3239,3138,3226,1406200
2025-06-27,3249,3370,3242,3331,2319300
2025-06-30,3384,3407,3337,3349,1677300
2025-07-01,3300,3327,3283,3284,1189700
2025-07-02,3234,3265,3223,3235,1342600
2025-07-03,3255,3384,3234,3384,1898000
2025-07-04,3420,3497,3419,3465,3231600
2025-07-07,3450,3462,3380,3390,1226000
2025-07-08,3390,3431,3366,3409,1368500
2025-07-09,3451,3465,3386,3414,1299800
2025-07-10,3435,3498,3420,3498,1324900
2025-07-11,3511,3585,3499,3550,1481800
2025-07-14,3578,3595,3536,3536,1096900
2025-07-15,3566,3606,3554,3591,1360300
2025-07-16,3610,3629,3584,3586,1022300
2025-07-17,3556,3637,3530,3613,988600
2025-07-18,3647,3655,3580,3592,902600
2025-07-22,3618,3643,3578,3605,1000600
2025-07-23,3660,3699,3634,3638,1611000
2025-07-24,3737,3738,3686,3711,1490600
2025-07-25,3675,3738,3648,3701,1036200
2025-07-28,3716,3736,3683,3725,743900
2025-07-29,3664,3671,3610,3621,920600
2025-07-30,3640,3652,3620,3632,1960100
2025-07-31,3643,3682,3641,3664,701900
2025-08-01,3649,3695,3631,3636,810600
2025-08-04,3533,3584,3516,3575,941600
2025-08-05,3636,3668,3575,3575,886600
2025-08-06,3558,3639,3557,3620,1009600
2025-08-07,3638,3654,3595,3623,1061100
2025-08-08,3750,3787,3562,3562,2850500
2025-08-12,3530,3569,3472,3497,1847200
2025-08-13,3513,3577,3484,3554,1391100
2025-08-14,3534,3590,3524,3559,701900
2025-08-15,3574,3600,3553,3586,1092800
2025-08-18,3601,3773,3588,3761,1880200
2025-08-19,3750,3772,3729,3737,1128400
2025-08-20,3699,3737,3667,3676,934800
2025-08-21,3718,3857,3703,3821,2531600
2025-08-22,3840,3864,3767,3817,1419700
2025-08-25,3850,3899,3850,3875,1165400
2025-08-26,3876,3943,3851,3936,1549700
2025-08-27,3950,3960,3909,3923,1316300
2025-08-28,3923,3966,3910,3940,1965100
2025-08-29,3932,3960,3855,3888,1069500
2025-09-01,3829,3857,3771,3843,1091800
2025-09-02,3850,3898,3832,3834,654600
2025-09-03,3830,3845,3759,3759,874600
2025-09-04,3741,3824,3731,3756,1148600
2025-09-05,3807,3964,3794,3944,1779600
2025-09-08,3985,4190,3945,4173,2537400
2025-09-09,4175,4181,4093,4111,1721800
2025-09-10,4102,4170,4068,4152,1229800
2025-09-11,4170,4306,4165,4294,2262000
2025-09-12,4351,4499,4347,4465,3332000
2025-09-16,4733,4751,4673,4702,2830500
2025-09-17,4686,4726,4622,4635,1662400
2025-09-18,4985,5209,4894,5175,5834000
2025-09-19,5190,5199,4998,5110,3896600
2025-09-22,5161,5447,5133,5385,3930500
2025-09-24,5300,5398,5272,5351,2058700
2025-09-25,5282,5320,5230,5274,2118200
2025-09-26,5211,5231,5047,5060,2348600
2025-09-29,5106,5119,5002,5030,1281700
2025-09-30,5094,5096,4977,5021,1182500
2025-10-01,5010,5146,4968,5093,1365200
2025-10-02,5250,5474,5192,5450,2861400
2025-10-03,5450,5603,5400,5528,1777800
2025-10-06,5728,5920,5702,5887,3461800
2025-10-07,5932,6089,5900,5924,3111300
2025-10-08,5849,5876,5757,5848,1924500
2025-10-09,6148,6174,5967,6069,3116000
2025-10-10,6050,6050,5812,5839,1881400
2025-10-14,5805,6004,5685,5718,2594100
2025-10-15,5783,5934,5754,5932,1105100
2025-10-16,5970,5994,5842,5882,1243900
2025-10-17,5874,5894,5794,5794,1004600
2025-10-20,5866,5975,5802,5935,1423300
2025-10-21,6025,6120,5881,5910,1456100
2025-10-22,5870,5885,5771,5842,1615700
2025-10-23,5669,5735,5644,5682,1635900
2025-10-24,5810,5954,5800,5954,1849300
2025-10-27,6054,6055,5925,6031,1398900
2025-10-28,5960,5983,5877,5890,1083200
2025-10-29,5929,5950,5862,5872,1016200
2025-10-30,5870,5938,5782,5938,1532000
2025-10-31,5900,6054,5832,6039,1633800
2025-11-04,6055,6172,5865,5877,1901400
2025-11-05,5730,5779,5413,5654,2341100
2025-11-06,5810,5873,5724,5784,1221100
2025-11-07,5711,5763,5641,5722,1457300
2025-11-10,5768,5801,5696,5767,1352100
2025-11-11,5827,5830,5677,5705,1018200
2025-11-12,5676,5908,5637,5887,1185300
2025-11-13,5950,6020,5838,5921,2028500
2025-11-14,5821,6248,5780,6040,4121200
2025-11-17,6020,6242,5943,6131,2393000
2025-11-18,5953,6020,5736,5736,2127200
2025-11-19,5720,5847,5572,5746,1211700
2025-11-20,6218,6249,6014,6129,2457400
2025-11-21,5746,5883,5583,5640,2066700
2025-11-25,5809,5845,5531,5586,1661100
2025-11-26,5686,5870,5645,5808,1453500
2025-11-27,6000,6410,5987,6322,4476100
2025-11-28,6345,6577,6212,6526,2644900
2025-12-01,6569,6589,6305,6371,2158900
2025-12-02,6400,6415,6249,6302,1682400
2025-12-03,6360,6404,6187,6228,1831800
2025-12-04,6269,6313,6145,6145,1700600
2025-12-05,6145,6331,6130,6214,1938700
2025-12-08,6172,6173,6018,6152,1508200
2025-12-09,6100,6284,6080,6256,1574200
2025-12-10,6262,6510,6257,6406,1733400
2025-12-11,6450,6507,6290,6342,1050000
2025-12-12,6442,6442,6244,6386,1595700
2025-12-15,6250,6370,6180,6337,1066400
2025-12-16,6250,6265,5981,6025,1666700
2025-12-17,6024,6069,5957,6021,906800
2025-12-18,5900,5964,5780,5788,1239300
2025-12-19,5950,6017,5884,6007,1513500
2025-12-22,6213,6543,6193,6504,3566500
2025-12-23,6554,6560,6389,6477,1523900
2025-12-24,6477,6668,6422,6639,1751500
2025-12-25,6668,6668,6515,6567,970800
2025-12-26,6568,6637,6537,6617,815200
2025-12-29,6643,6842,6600,6650,1861300
2025-12-30,6560,6609,6511,6526,821300
2026-01-05,6726,6830,6635,6751,1565100
2026-01-06,6728,6908,6688,6908,1447500
2026-01-07,6991,7310,6950,7118,2880600
2026-01-08,6976,6993,6812,6821,1902900
2026-01-09,6800,6860,6713,6810,1142000
2026-01-13,7010,7023,6751,6800,2564700
2026-01-14,6795,6882,6760,6816,2302300
2026-01-15,6790,7132,6781,7132,2871300
2026-01-16,7130,7774,7110,7772,4485100
2026-01-19,7890,8239,7680,8145,5043200
2026-01-20,8000,8055,7740,7933,3460800
2026-01-21,7633,8090,7617,7981,4149100
2026-01-22,8250,8414,8156,8302,5029200
2026-01-23,8250,8410,8112,8249,2710300
2026-01-26,8001,8096,7907,8019,2384700
2026-01-27,7998,8607,7960,8576,3389300
2026-01-28,8610,8921,8533,8921,3851200
2026-01-29,8971,9117,8751,9055,3382400
2026-01-30,9040,9191,8730,8950,3252000
2026-02-02,8800,9276,8683,8759,4359300
2026-02-03,8998,9325,8972,9325,2475700
2026-02-04,9126,9440,9019,9351,2440600
2026-02-05,9195,9242,8761,8804,3164100
2026-02-06,8612,8789,8539,8789,2052500
2026-02-09,9239,9480,9106,9217,2804700
